,State,City,Area,Year,Season,SO2,NO2,RSPM,SPM,PM_2.5
48,Andhra Pradesh,Eluru,"Residential, Rural and other Areas",2013.0,Autumn,4.29,16.29,101.44,,
49,Andhra Pradesh,Eluru,"Residential, Rural and other Areas",2013.0,Spring,4.0,13.5,105.46,,
50,Andhra Pradesh,Eluru,"Residential, Rural and other Areas",2013.0,Summer,6.0,15.04,101.89,,
51,Andhra Pradesh,Eluru,"Residential, Rural and other Areas",2013.0,Winter,6.0,16.0,200.4,,
52,Andhra Pradesh,Eluru,"Residential, Rural and other Areas",2014.0,Autumn,,,154.47,,
53,Andhra Pradesh,Eluru,"Residential, Rural and other Areas",2014.0,Spring,,,122.42,,
54,Andhra Pradesh,Eluru,"Residential, Rural and other Areas",2014.0,Summer,,,103.29,,
55,Andhra Pradesh,Eluru,"Residential, Rural and other Areas",2014.0,Winter,,,94.1,,
56,Andhra Pradesh,Eluru,"Residential, Rural and other Areas",2015.0,Autumn,5.0,24.7,66.74,,
57,Andhra Pradesh,Eluru,"Residential, Rural and other Areas",2015.0,Spring,4.89,22.0,76.56,,
58,Andhra Pradesh,Eluru,"Residential, Rural and other Areas",2015.0,Summer,5.0,22.72,78.93,,
59,Andhra Pradesh,Eluru,"Residential, Rural and other Areas",2015.0,Winter,5.0,23.56,86.96,,
60,Andhra Pradesh,Guntur,Residential and others,2009.0,Autumn,4.0,9.0,83.9,216.95,
61,Andhra Pradesh,Guntur,Residential and others,2009.0,Spring,4.0,9.0,80.0,198.5,
62,Andhra Pradesh,Guntur,Residential and others,2009.0,Summer,4.0,9.0,88.64,217.27,
63,Andhra Pradesh,Guntur,Residential and others,2009.0,Winter,4.0,9.0,92.6,238.0,
64,Andhra Pradesh,Guntur,"Residential, Rural and other Areas",2010.0,Autumn,2.0,10.89,77.67,,
65,Andhra Pradesh,Guntur,"Residential, Rural and other Areas",2010.0,Spring,2.0,11.21,85.93,,
66,Andhra Pradesh,Guntur,"Residential, Rural and other Areas",2010.0,Summer,2.0,11.2,79.5,,
67,Andhra Pradesh,Guntur,"Residential, Rural and other Areas",2010.0,Winter,2.0,11.85,80.56,,
68,Andhra Pradesh,Guntur,"Residential, Rural and other Areas",2011.0,Autumn,4.06,9.6,74.57,188.95,
69,Andhra Pradesh,Guntur,"Residential, Rural and other Areas",2011.0,Spring,3.86,10.46,73.6,187.44,
70,Andhra Pradesh,Guntur,"Residential, Rural and other Areas",2011.0,Summer,3.55,9.81,74.47,187.71,
71,Andhra Pradesh,Guntur,"Residential, Rural and other Areas",2011.0,Winter,3.77,9.62,74.67,187.5,
72,Andhra Pradesh,Guntur,"Residential, Rural and other Areas",2012.0,Autumn,4.88,11.36,74.96,,
73,Andhra Pradesh,Guntur,"Residential, Rural and other Areas",2012.0,Spring,5.63,11.19,74.96,,
74,Andhra Pradesh,Guntur,"Residential, Rural and other Areas",2012.0,Summer,5.81,11.23,74.5,,
75,Andhra Pradesh,Guntur,"Residential, Rural and other Areas",2012.0,Winter,5.48,12.41,75.74,,
76,Andhra Pradesh,Guntur,"Residential, Rural and other Areas",2013.0,Autumn,4.59,15.68,74.45,,
77,Andhra Pradesh,Guntur,"Residential, Rural and other Areas",2013.0,Spring,4.26,17.19,78.7,,
78,Andhra Pradesh,Guntur,"Residential, Rural and other Areas",2013.0,Summer,4.23,16.03,70.81,,
79,Andhra Pradesh,Guntur,"Residential, Rural and other Areas",2013.0,Winter,4.68,18.41,76.05,,
80,Andhra Pradesh,Guntur,"Residential, Rural and other Areas",2014.0,Autumn,4.86,22.14,78.38,,
81,Andhra Pradesh,Guntur,"Residential, Rural and other Areas",2014.0,Spring,4.7,23.41,77.15,,
82,Andhra Pradesh,Guntur,"Residential, Rural and other Areas",2014.0,Summer,4.96,23.54,76.92,,
83,Andhra Pradesh,Guntur,"Residential, Rural and other Areas",2014.0,Winter,4.88,20.88,87.0,,
84,Andhra Pradesh,Guntur,"Residential, Rural and other Areas",2015.0,Autumn,5.0,26.33,90.22,,
85,Andhra Pradesh,Guntur,"Residential, Rural and other Areas",2015.0,Spring,4.85,24.0,113.41,,
86,Andhra Pradesh,Guntur,"Residential, Rural and other Areas",2015.0,Summer,5.0,25.84,91.52,,
87,Andhra Pradesh,Guntur,"Residential, Rural and other Areas",2015.0,Winter,5.0,26.21,104.88,,
131,Andhra Pradesh,Hyderabad,Industrial Area,2001.0,Autumn,7.2,14.2,,63.67,
132,Andhra Pradesh,Hyderabad,Industrial Area,2001.0,Spring,9.87,9.5,,77.67,
133,Andhra Pradesh,Hyderabad,Industrial Area,2001.0,Summer,8.97,11.07,,71.33,
134,Andhra Pradesh,Hyderabad,Industrial Area,2001.0,Winter,14.53,9.9,,101.67,
135,Andhra Pradesh,Hyderabad,Industrial Area,2002.0,Autumn,11.43,19.9,,75.0,
136,Andhra Pradesh,Hyderabad,Industrial Area,2002.0,Spring,8.07,12.53,,83.67,
137,Andhra Pradesh,Hyderabad,Industrial Area,2002.0,Summer,6.7,14.77,,54.67,
138,Andhra Pradesh,Hyderabad,Industrial Area,2002.0,Winter,10.0,17.07,,80.33,
139,Andhra Pradesh,Hyderabad,Industrial Area,2004.0,Autumn,4.28,33.91,84.05,238.72,
140,Andhra Pradesh,Hyderabad,Industrial Area,2004.0,Spring,4.79,46.16,83.2,226.64,
141,Andhra Pradesh,Hyderabad,Industrial Area,2004.0,Summer,4.39,29.7,72.59,188.26,
142,Andhra Pradesh,Hyderabad,Industrial Area,2004.0,Winter,5.18,50.1,96.85,236.1,
143,Andhra Pradesh,Hyderabad,Industrial Area,2010.0,Autumn,4.12,17.16,38.41,,
144,Andhra Pradesh,Hyderabad,Industrial Area,2010.0,Spring,3.67,16.71,43.0,,
145,Andhra Pradesh,Hyderabad,Industrial Area,2010.0,Summer,3.47,17.9,24.35,,
146,Andhra Pradesh,Hyderabad,Industrial Area,2010.0,Winter,3.8,19.9,48.05,,
147,Andhra Pradesh,Hyderabad,Industrial Area,2011.0,Autumn,4.7,32.7,89.58,241.72,
148,Andhra Pradesh,Hyderabad,Industrial Area,2011.0,Spring,4.58,30.97,100.05,267.46,
149,Andhra Pradesh,Hyderabad,Industrial Area,2011.0,Summer,4.44,28.74,77.72,219.04,
150,Andhra Pradesh,Hyderabad,Industrial Area,2011.0,Winter,5.01,33.62,103.84,295.0,
151,Andhra Pradesh,Hyderabad,Industrial Area,2012.0,Autumn,5.02,29.19,132.0,,
152,Andhra Pradesh,Hyderabad,Industrial Area,2012.0,Spring,4.95,28.77,123.6,,
153,Andhra Pradesh,Hyderabad,Industrial Area,2012.0,Summer,4.93,26.57,102.05,,
154,Andhra Pradesh,Hyderabad,Industrial Area,2012.0,Winter,4.91,30.21,139.55,,
155,Andhra Pradesh,Hyderabad,Industrial Area,2013.0,Autumn,5.39,30.35,128.18,,
156,Andhra Pradesh,Hyderabad,Industrial Area,2013.0,Spring,5.67,32.1,120.64,,
157,Andhra Pradesh,Hyderabad,Industrial Area,2013.0,Summer,5.11,24.51,83.02,,
158,Andhra Pradesh,Hyderabad,Industrial Area,2013.0,Winter,7.29,28.82,139.54,,
159,Andhra Pradesh,Hyderabad,Industrial Area,2005.0,Autumn,5.62,24.9,82.11,219.88,
160,Andhra Pradesh,Hyderabad,Industrial Area,2005.0,Spring,5.39,31.61,80.41,241.66,
161,Andhra Pradesh,Hyderabad,Industrial Area,2005.0,Summer,4.95,25.54,70.46,251.8,
162,Andhra Pradesh,Hyderabad,Industrial Area,2005.0,Winter,5.52,28.7,85.06,230.36,
163,Andhra Pradesh,Hyderabad,Industrial Area,2006.0,Autumn,5.38,31.12,89.7,253.58,
164,Andhra Pradesh,Hyderabad,Industrial Area,2006.0,Spring,5.72,28.16,89.74,245.26,
165,Andhra Pradesh,Hyderabad,Industrial Area,2006.0,Summer,5.42,28.93,82.84,235.14,
166,Andhra Pradesh,Hyderabad,Industrial Area,2006.0,Winter,5.95,30.74,100.87,276.61,
167,Andhra Pradesh,Hyderabad,Industrial Area,2007.0,Autumn,4.98,30.04,89.57,248.14,
168,Andhra Pradesh,Hyderabad,Industrial Area,2007.0,Spring,5.32,32.98,92.15,258.66,
169,Andhra Pradesh,Hyderabad,Industrial Area,2007.0,Summer,5.34,28.98,67.7,210.99,
170,Andhra Pradesh,Hyderabad,Industrial Area,2007.0,Winter,5.36,33.15,104.7,284.88,
171,Andhra Pradesh,Hyderabad,Industrial Area,2008.0,Autumn,6.21,30.28,91.67,232.79,
172,Andhra Pradesh,Hyderabad,Industrial Area,2008.0,Spring,4.83,27.53,88.79,236.79,
173,Andhra Pradesh,Hyderabad,Industrial Area,2008.0,Summer,4.76,27.77,90.54,249.67,
174,Andhra Pradesh,Hyderabad,Industrial Area,2008.0,Winter,4.77,25.81,93.74,258.47,
175,Andhra Pradesh,Hyderabad,Industrial Area,2009.0,Autumn,5.68,24.62,93.26,250.33,
176,Andhra Pradesh,Hyderabad,Industrial Area,2009.0,Spring,4.74,24.12,90.32,264.87,
177,Andhra Pradesh,Hyderabad,Industrial Area,2009.0,Summer,4.6,22.7,75.68,216.91,
178,Andhra Pradesh,Hyderabad,Industrial Area,2009.0,Winter,4.93,24.04,93.96,258.4,
179,Andhra Pradesh,Hyderabad,Residential and others,2005.0,Autumn,5.74,27.68,77.99,215.92,
180,Andhra Pradesh,Hyderabad,Residential and others,2005.0,Spring,5.88,36.85,82.08,226.02,
181,Andhra Pradesh,Hyderabad,Residential and others,2005.0,Summer,5.03,27.63,69.28,212.3,
182,Andhra Pradesh,Hyderabad,Residential and others,2005.0,Winter,6.86,33.98,85.23,233.44,
183,Andhra Pradesh,Hyderabad,Residential and others,2006.0,Autumn,4.86,24.42,78.02,198.86,
184,Andhra Pradesh,Hyderabad,Residential and others,2006.0,Spring,4.91,26.8,85.88,228.59,
185,Andhra Pradesh,Hyderabad,Residential and others,2006.0,Summer,4.94,25.87,80.63,207.4,
186,Andhra Pradesh,Hyderabad,Residential and others,2006.0,Winter,4.9,27.57,91.36,239.36,
187,Andhra Pradesh,Hyderabad,Residential and others,2007.0,Autumn,4.88,26.54,81.87,233.5,
188,Andhra Pradesh,Hyderabad,Residential and others,2007.0,Spring,5.17,27.5,85.98,242.84,
189,Andhra Pradesh,Hyderabad,Residential and others,2007.0,Summer,4.98,23.15,59.31,179.68,
190,Andhra Pradesh,Hyderabad,Residential and others,2007.0,Winter,5.25,24.99,88.67,233.98,
191,Andhra Pradesh,Hyderabad,Residential and others,2008.0,Autumn,6.87,31.6,97.34,247.35,
192,Andhra Pradesh,Hyderabad,Residential and others,2008.0,Spring,5.29,27.6,84.05,234.46,
193,Andhra Pradesh,Hyderabad,Residential and others,2008.0,Summer,5.21,24.41,80.18,223.45,
194,Andhra Pradesh,Hyderabad,Residential and others,2008.0,Winter,5.04,22.83,86.26,215.87,
195,Andhra Pradesh,Hyderabad,Residential and others,2009.0,Autumn,5.41,23.41,83.14,231.77,
196,Andhra Pradesh,Hyderabad,Residential and others,2009.0,Spring,4.68,22.58,88.89,263.84,
197,Andhra Pradesh,Hyderabad,Residential and others,2009.0,Summer,4.93,21.12,65.56,201.03,
198,Andhra Pradesh,Hyderabad,Residential and others,2009.0,Winter,5.02,21.84,78.48,224.56,
242,Andhra Pradesh,Hyderabad,"Residential, Rural and other Areas",2001.0,Autumn,8.72,27.92,,130.5,
243,Andhra Pradesh,Hyderabad,"Residential, Rural and other Areas",2001.0,Spring,14.38,19.37,,174.83,
244,Andhra Pradesh,Hyderabad,"Residential, Rural and other Areas",2001.0,Summer,8.35,23.37,,128.83,
245,Andhra Pradesh,Hyderabad,"Residential, Rural and other Areas",2001.0,Winter,16.6,20.65,,206.67,
246,Andhra Pradesh,Hyderabad,"Residential, Rural and other Areas",2002.0,Autumn,14.48,35.4,,109.17,
247,Andhra Pradesh,Hyderabad,"Residential, Rural and other Areas",2002.0,Spring,7.53,25.8,,103.33,
248,Andhra Pradesh,Hyderabad,"Residential, Rural and other Areas",2002.0,Summer,6.38,27.88,,79.67,
249,Andhra Pradesh,Hyderabad,"Residential, Rural and other Areas",2002.0,Winter,12.68,29.43,,115.33,
250,Andhra Pradesh,Hyderabad,"Residential, Rural and other Areas",2004.0,Autumn,2.79,24.22,79.38,222.93,
251,Andhra Pradesh,Hyderabad,"Residential, Rural and other Areas",2004.0,Spring,2.67,18.88,55.04,159.64,
252,Andhra Pradesh,Hyderabad,"Residential, Rural and other Areas",2004.0,Summer,2.78,19.63,71.26,196.49,
253,Andhra Pradesh,Hyderabad,"Residential, Rural and other Areas",2004.0,Winter,2.82,23.84,84.99,226.19,
254,Andhra Pradesh,Hyderabad,"Residential, Rural and other Areas",2010.0,Autumn,5.51,22.53,64.92,,
255,Andhra Pradesh,Hyderabad,"Residential, Rural and other Areas",2010.0,Spring,5.73,26.11,82.39,,
256,Andhra Pradesh,Hyderabad,"Residential, Rural and other Areas",2010.0,Summer,5.39,21.52,48.76,,
257,Andhra Pradesh,Hyderabad,"Residential, Rural and other Areas",2010.0,Winter,5.83,22.8,76.1,,
258,Andhra Pradesh,Hyderabad,"Residential, Rural and other Areas",2011.0,Autumn,5.16,28.9,79.0,217.21,
259,Andhra Pradesh,Hyderabad,"Residential, Rural and other Areas",2011.0,Spring,4.24,28.78,100.23,271.49,
260,Andhra Pradesh,Hyderabad,"Residential, Rural and other Areas",2011.0,Summer,4.08,27.89,83.58,223.56,
261,Andhra Pradesh,Hyderabad,"Residential, Rural and other Areas",2011.0,Winter,4.99,31.0,89.39,275.72,
262,Andhra Pradesh,Hyderabad,"Residential, Rural and other Areas",2012.0,Autumn,4.52,20.93,96.74,,
263,Andhra Pradesh,Hyderabad,"Residential, Rural and other Areas",2012.0,Spring,4.49,22.84,102.19,,
264,Andhra Pradesh,Hyderabad,"Residential, Rural and other Areas",2012.0,Summer,4.46,20.37,77.74,,
265,Andhra Pradesh,Hyderabad,"Residential, Rural and other Areas",2012.0,Winter,4.52,23.39,103.14,,
266,Andhra Pradesh,Hyderabad,"Residential, Rural and other Areas",2013.0,Autumn,4.64,24.77,92.31,,
267,Andhra Pradesh,Hyderabad,"Residential, Rural and other Areas",2013.0,Spring,4.91,24.38,102.51,,
268,Andhra Pradesh,Hyderabad,"Residential, Rural and other Areas",2013.0,Summer,4.48,20.64,69.5,,
269,Andhra Pradesh,Hyderabad,"Residential, Rural and other Areas",2013.0,Winter,4.96,23.39,106.07,,
270,Andhra Pradesh,Hyderabad,Sensitive Area,2011.0,Autumn,4.14,23.84,72.24,149.97,
271,Andhra Pradesh,Hyderabad,Sensitive Area,2011.0,Spring,4.17,15.75,66.63,177.9,
272,Andhra Pradesh,Hyderabad,Sensitive Area,2011.0,Summer,4.5,14.09,55.88,134.69,
273,Andhra Pradesh,Hyderabad,Sensitive Area,2011.0,Winter,4.21,16.71,87.57,181.09,
274,Andhra Pradesh,Hyderabad,Sensitive Area,2013.0,Autumn,4.05,15.24,99.67,,
275,Andhra Pradesh,Hyderabad,Sensitive Area,2013.0,Spring,4.07,16.78,93.48,,
276,Andhra Pradesh,Hyderabad,Sensitive Area,2013.0,Summer,4.0,12.75,66.75,,
277,Andhra Pradesh,Hyderabad,Sensitive Area,2013.0,Winter,4.0,14.83,105.92,,
278,Andhra Pradesh,Hyderabad,Sensitive Area,2006.0,Autumn,4.8,17.36,54.33,127.67,
279,Andhra Pradesh,Hyderabad,Sensitive Area,2006.0,Spring,4.71,16.22,59.62,137.29,
280,Andhra Pradesh,Hyderabad,Sensitive Area,2006.0,Summer,4.71,16.14,45.38,107.38,
281,Andhra Pradesh,Hyderabad,Sensitive Area,2006.0,Winter,4.59,16.94,85.67,177.56,
282,Andhra Pradesh,Hyderabad,Sensitive Area,2007.0,Autumn,4.76,16.49,48.15,123.9,
283,Andhra Pradesh,Hyderabad,Sensitive Area,2007.0,Spring,4.72,16.74,54.58,141.28,
284,Andhra Pradesh,Hyderabad,Sensitive Area,2007.0,Summer,4.73,18.03,35.75,106.62,
285,Andhra Pradesh,Hyderabad,Sensitive Area,2007.0,Winter,4.79,16.95,68.13,173.33,
286,Andhra Pradesh,Hyderabad,Sensitive Area,2008.0,Autumn,5.47,16.91,60.78,160.57,
287,Andhra Pradesh,Hyderabad,Sensitive Area,2008.0,Spring,4.86,16.84,59.97,167.75,
288,Andhra Pradesh,Hyderabad,Sensitive Area,2008.0,Summer,4.69,15.74,54.06,153.65,
289,Andhra Pradesh,Hyderabad,Sensitive Area,2008.0,Winter,4.89,15.89,50.94,147.35,
290,Andhra Pradesh,Hyderabad,Sensitive Area,2009.0,Autumn,4.8,15.25,58.75,155.52,
291,Andhra Pradesh,Hyderabad,Sensitive Area,2009.0,Spring,4.62,15.15,61.47,178.53,
292,Andhra Pradesh,Hyderabad,Sensitive Area,2009.0,Summer,4.41,14.89,46.69,137.0,
293,Andhra Pradesh,Hyderabad,Sensitive Area,2009.0,Winter,4.74,15.21,64.06,186.62,
294,Andhra Pradesh,Kadapa,Industrial Area,2013.0,Autumn,4.83,9.61,72.57,,
295,Andhra Pradesh,Kadapa,Industrial Area,2013.0,Spring,4.46,9.32,69.18,,
296,Andhra Pradesh,Kadapa,Industrial Area,2013.0,Summer,5.3,10.67,70.64,,
297,Andhra Pradesh,Kadapa,Industrial Area,2013.0,Winter,4.21,9.54,66.5,,
298,Andhra Pradesh,Kadapa,Industrial Area,2014.0,Autumn,4.44,10.22,75.86,,
299,Andhra Pradesh,Kadapa,Industrial Area,2014.0,Spring,4.19,10.33,83.22,,
300,Andhra Pradesh,Kadapa,Industrial Area,2014.0,Summer,4.21,10.18,78.61,,
301,Andhra Pradesh,Kadapa,Industrial Area,2014.0,Winter,5.06,10.29,75.82,,
302,Andhra Pradesh,Kadapa,Industrial Area,2015.0,Autumn,4.3,10.05,65.0,,
303,Andhra Pradesh,Kadapa,Industrial Area,2015.0,Spring,4.73,11.35,71.35,,
304,Andhra Pradesh,Kadapa,Industrial Area,2015.0,Summer,4.96,11.7,75.15,,
305,Andhra Pradesh,Kadapa,Industrial Area,2015.0,Winter,4.96,11.15,68.89,,
318,Andhra Pradesh,Karimnagar,"Residential, Rural and other Areas",2013.0,Autumn,6.69,12.5,69.11,,
319,Andhra Pradesh,Karimnagar,"Residential, Rural and other Areas",2013.0,Spring,10.46,11.31,83.79,,
320,Andhra Pradesh,Karimnagar,"Residential, Rural and other Areas",2013.0,Summer,4.7,11.9,42.26,,
321,Andhra Pradesh,Karimnagar,"Residential, Rural and other Areas",2013.0,Winter,5.43,11.14,88.57,,
322,Andhra Pradesh,Khammam,"Residential, Rural and other Areas",2010.0,Autumn,2.0,10.56,60.93,,
323,Andhra Pradesh,Khammam,"Residential, Rural and other Areas",2010.0,Spring,2.0,11.19,59.67,,
324,Andhra Pradesh,Khammam,"Residential, Rural and other Areas",2010.0,Summer,2.0,10.86,59.48,,
325,Andhra Pradesh,Khammam,"Residential, Rural and other Areas",2010.0,Winter,2.0,11.0,66.14,,
326,Andhra Pradesh,Khammam,"Residential, Rural and other Areas",2012.0,Autumn,4.88,10.92,62.32,,
327,Andhra Pradesh,Khammam,"Residential, Rural and other Areas",2012.0,Spring,5.24,10.43,63.48,,
328,Andhra Pradesh,Khammam,"Residential, Rural and other Areas",2012.0,Summer,5.58,10.63,61.95,,
329,Andhra Pradesh,Khammam,"Residential, Rural and other Areas",2012.0,Winter,5.16,12.32,63.96,,
330,Andhra Pradesh,Khammam,"Residential, Rural and other Areas",2013.0,Autumn,4.5,16.48,62.52,,
331,Andhra Pradesh,Khammam,"Residential, Rural and other Areas",2013.0,Spring,4.32,17.4,67.38,,
332,Andhra Pradesh,Khammam,"Residential, Rural and other Areas",2013.0,Summer,4.4,16.88,57.77,,
333,Andhra Pradesh,Khammam,"Residential, Rural and other Areas",2013.0,Winter,4.7,17.82,62.79,,
334,Andhra Pradesh,Kurnool,Residential and others,2007.0,Autumn,4.22,15.53,75.5,155.32,
335,Andhra Pradesh,Kurnool,Residential and others,2007.0,Spring,4.0,18.25,83.36,166.04,
336,Andhra Pradesh,Kurnool,Residential and others,2007.0,Summer,4.0,14.23,80.85,184.04,
337,Andhra Pradesh,Kurnool,Residential and others,2007.0,Winter,4.0,18.84,80.5,161.04,
338,Andhra Pradesh,Kurnool,Residential and others,2008.0,Autumn,4.0,9.72,75.32,167.92,
339,Andhra Pradesh,Kurnool,Residential and others,2008.0,Spring,4.0,11.89,69.32,168.71,
340,Andhra Pradesh,Kurnool,Residential and others,2008.0,Summer,4.0,9.66,66.76,171.64,
341,Andhra Pradesh,Kurnool,Residential and others,2008.0,Winter,4.0,10.88,73.29,177.29,
342,Andhra Pradesh,Kurnool,Residential and others,2009.0,Autumn,4.0,9.0,85.38,192.62,
343,Andhra Pradesh,Kurnool,Residential and others,2009.0,Spring,4.0,9.0,76.93,184.0,
344,Andhra Pradesh,Kurnool,Residential and others,2009.0,Summer,4.0,9.0,78.86,179.0,
345,Andhra Pradesh,Kurnool,Residential and others,2009.0,Winter,4.0,9.0,75.55,181.1,
346,Andhra Pradesh,Kurnool,"Residential, Rural and other Areas",2010.0,Autumn,4.0,9.0,74.17,,
347,Andhra Pradesh,Kurnool,"Residential, Rural and other Areas",2010.0,Spring,4.0,9.0,87.61,,
348,Andhra Pradesh,Kurnool,"Residential, Rural and other Areas",2010.0,Summer,4.0,9.0,80.07,,
349,Andhra Pradesh,Kurnool,"Residential, Rural and other Areas",2010.0,Winter,4.0,9.0,96.8,,
350,Andhra Pradesh,Kurnool,"Residential, Rural and other Areas",2012.0,Autumn,4.0,9.0,75.27,,
351,Andhra Pradesh,Kurnool,"Residential, Rural and other Areas",2012.0,Spring,4.0,9.0,69.58,,
352,Andhra Pradesh,Kurnool,"Residential, Rural and other Areas",2012.0,Summer,4.0,9.0,76.48,,
353,Andhra Pradesh,Kurnool,"Residential, Rural and other Areas",2012.0,Winter,4.0,9.0,74.32,,
354,Andhra Pradesh,Kurnool,"Residential, Rural and other Areas",2013.0,Autumn,4.04,9.57,67.7,,
355,Andhra Pradesh,Kurnool,"Residential, Rural and other Areas",2013.0,Spring,4.04,10.86,84.46,,
356,Andhra Pradesh,Kurnool,"Residential, Rural and other Areas",2013.0,Summer,4.04,10.81,74.04,,
357,Andhra Pradesh,Kurnool,"Residential, Rural and other Areas",2013.0,Winter,4.25,9.21,77.42,,
358,Andhra Pradesh,Kurnool,"Residential, Rural and other Areas",2014.0,Autumn,4.14,9.97,74.95,,
359,Andhra Pradesh,Kurnool,"Residential, Rural and other Areas",2014.0,Spring,4.19,9.56,82.11,,
360,Andhra Pradesh,Kurnool,"Residential, Rural and other Areas",2014.0,Summer,4.07,10.15,67.81,,
361,Andhra Pradesh,Kurnool,"Residential, Rural and other Areas",2014.0,Winter,4.76,11.82,85.88,,
362,Andhra Pradesh,Kurnool,"Residential, Rural and other Areas",2015.0,Autumn,5.24,10.8,86.41,,
363,Andhra Pradesh,Kurnool,"Residential, Rural and other Areas",2015.0,Spring,4.93,10.15,89.26,,
364,Andhra Pradesh,Kurnool,"Residential, Rural and other Areas",2015.0,Summer,4.96,10.19,77.07,,
365,Andhra Pradesh,Kurnool,"Residential, Rural and other Areas",2015.0,Winter,4.63,10.37,76.93,,
390,Andhra Pradesh,Nellore,Residential and others,2009.0,Autumn,6.1,13.8,118.0,193.0,
391,Andhra Pradesh,Nellore,"Residential, Rural and other Areas",2010.0,Autumn,2.0,11.88,63.56,,
392,Andhra Pradesh,Nellore,"Residential, Rural and other Areas",2010.0,Spring,2.0,11.5,67.83,,
393,Andhra Pradesh,Nellore,"Residential, Rural and other Areas",2010.0,Summer,2.0,11.82,63.09,,
394,Andhra Pradesh,Nellore,"Residential, Rural and other Areas",2010.0,Winter,2.0,11.48,64.26,,
395,Andhra Pradesh,Nellore,"Residential, Rural and other Areas",2012.0,Autumn,5.12,11.35,59.73,,
396,Andhra Pradesh,Nellore,"Residential, Rural and other Areas",2012.0,Spring,5.69,10.38,61.85,,
397,Andhra Pradesh,Nellore,"Residential, Rural and other Areas",2012.0,Summer,5.86,11.41,67.09,,
398,Andhra Pradesh,Nellore,"Residential, Rural and other Areas",2012.0,Winter,5.54,12.0,60.57,,
399,Andhra Pradesh,Nellore,"Residential, Rural and other Areas",2013.0,Autumn,4.57,16.19,61.76,,
400,Andhra Pradesh,Nellore,"Residential, Rural and other Areas",2013.0,Spring,4.21,16.64,65.93,,
401,Andhra Pradesh,Nellore,"Residential, Rural and other Areas",2013.0,Summer,4.25,16.72,60.94,,
402,Andhra Pradesh,Nellore,"Residential, Rural and other Areas",2013.0,Winter,4.7,17.65,60.04,,
403,Andhra Pradesh,Nellore,"Residential, Rural and other Areas",2015.0,Autumn,5.0,28.5,65.09,,
404,Andhra Pradesh,Nellore,"Residential, Rural and other Areas",2015.0,Spring,5.0,26.78,66.7,,
405,Andhra Pradesh,Nellore,"Residential, Rural and other Areas",2015.0,Summer,5.0,28.41,67.48,,
406,Andhra Pradesh,Nellore,"Residential, Rural and other Areas",2015.0,Winter,4.85,26.59,64.07,,
407,Andhra Pradesh,Nizamabad,"Residential, Rural and other Areas",2013.0,Autumn,4.75,12.42,55.83,,
408,Andhra Pradesh,Nizamabad,"Residential, Rural and other Areas",2013.0,Spring,5.67,14.0,56.0,,
409,Andhra Pradesh,Nizamabad,"Residential, Rural and other Areas",2013.0,Summer,4.25,12.0,51.25,,
410,Andhra Pradesh,Nizamabad,"Residential, Rural and other Areas",2013.0,Winter,4.88,12.0,57.0,,
411,Andhra Pradesh,Ongole,"Residential, Rural and other Areas",2013.0,Autumn,4.55,16.65,62.05,,
412,Andhra Pradesh,Ongole,"Residential, Rural and other Areas",2013.0,Spring,4.25,17.04,68.86,,
413,Andhra Pradesh,Ongole,"Residential, Rural and other Areas",2013.0,Summer,4.16,16.62,61.78,,
414,Andhra Pradesh,Ongole,"Residential, Rural and other Areas",2013.0,Winter,4.64,17.5,61.5,,
415,Andhra Pradesh,Ongole,"Residential, Rural and other Areas",2014.0,Autumn,4.63,21.86,60.77,,
416,Andhra Pradesh,Ongole,"Residential, Rural and other Areas",2014.0,Spring,4.81,21.07,64.44,,
417,Andhra Pradesh,Ongole,"Residential, Rural and other Areas",2014.0,Summer,4.79,22.72,65.17,,
418,Andhra Pradesh,Ongole,"Residential, Rural and other Areas",2014.0,Winter,4.88,20.18,62.59,,
419,Andhra Pradesh,Ongole,"Residential, Rural and other Areas",2015.0,Autumn,4.95,30.09,65.95,,
420,Andhra Pradesh,Ongole,"Residential, Rural and other Areas",2015.0,Spring,5.0,27.7,68.41,,
421,Andhra Pradesh,Ongole,"Residential, Rural and other Areas",2015.0,Summer,5.0,29.96,67.59,,
422,Andhra Pradesh,Ongole,"Residential, Rural and other Areas",2015.0,Winter,5.0,26.93,65.44,,
467,Andhra Pradesh,Ramagundam,Residential and others,2006.0,Autumn,46.7,22.0,87.75,230.5,
468,Andhra Pradesh,Ramagundam,Residential and others,2006.0,Spring,91.7,14.1,50.0,261.0,
469,Andhra Pradesh,Ramagundam,Residential and others,2006.0,Summer,91.1,25.2,156.0,295.0,
470,Andhra Pradesh,Ramagundam,Residential and others,2006.0,Winter,45.4,18.5,67.0,235.0,
471,Andhra Pradesh,Ramagundam,Residential and others,2007.0,Autumn,4.01,11.7,80.35,257.9,
472,Andhra Pradesh,Ramagundam,Residential and others,2007.0,Spring,4.48,10.86,62.58,213.0,
473,Andhra Pradesh,Ramagundam,Residential and others,2007.0,Summer,4.67,11.52,45.9,157.1,
474,Andhra Pradesh,Ramagundam,Residential and others,2007.0,Winter,4.3,13.95,75.25,234.25,
475,Andhra Pradesh,Ramagundam,Residential and others,2008.0,Autumn,4.48,18.54,78.22,243.63,
476,Andhra Pradesh,Ramagundam,Residential and others,2008.0,Spring,4.99,15.17,81.96,254.48,
477,Andhra Pradesh,Ramagundam,Residential and others,2008.0,Summer,4.17,15.21,70.68,222.6,
478,Andhra Pradesh,Ramagundam,Residential and others,2008.0,Winter,4.17,24.28,120.71,339.5,
479,Andhra Pradesh,Ramagundam,Residential and others,2009.0,Autumn,4.1,11.65,86.95,256.68,
480,Andhra Pradesh,Ramagundam,Residential and others,2009.0,Spring,4.09,14.51,107.33,271.54,
481,Andhra Pradesh,Ramagundam,Residential and others,2009.0,Summer,4.04,11.45,71.12,206.18,
482,Andhra Pradesh,Ramagundam,Residential and others,2009.0,Winter,4.16,21.82,144.19,374.0,
483,Andhra Pradesh,Ramagundam,"Residential, Rural and other Areas",2010.0,Autumn,4.28,10.17,55.38,,
484,Andhra Pradesh,Ramagundam,"Residential, Rural and other Areas",2010.0,Spring,3.56,11.8,78.08,,
485,Andhra Pradesh,Ramagundam,"Residential, Rural and other Areas",2010.0,Summer,4.36,10.77,56.86,,
486,Andhra Pradesh,Ramagundam,"Residential, Rural and other Areas",2010.0,Winter,5.05,17.73,86.18,,
487,Andhra Pradesh,Ramagundam,"Residential, Rural and other Areas",2011.0,Autumn,6.4,12.9,50.33,162.33,
488,Andhra Pradesh,Ramagundam,"Residential, Rural and other Areas",2011.0,Spring,5.6,9.78,71.18,184.0,
489,Andhra Pradesh,Ramagundam,"Residential, Rural and other Areas",2011.0,Summer,5.73,17.43,26.1,83.1,
490,Andhra Pradesh,Ramagundam,"Residential, Rural and other Areas",2011.0,Winter,2.5,,44.0,73.0,
491,Andhra Pradesh,Ramagundam,"Residential, Rural and other Areas",2012.0,Autumn,5.95,14.85,75.82,,
492,Andhra Pradesh,Ramagundam,"Residential, Rural and other Areas",2012.0,Spring,9.05,8.81,95.27,,
493,Andhra Pradesh,Ramagundam,"Residential, Rural and other Areas",2012.0,Summer,3.39,9.11,51.51,,
494,Andhra Pradesh,Ramagundam,"Residential, Rural and other Areas",2012.0,Winter,5.09,11.88,97.99,,
495,Andhra Pradesh,Ramagundam,"Residential, Rural and other Areas",2013.0,Autumn,5.71,12.0,67.53,,
496,Andhra Pradesh,Ramagundam,"Residential, Rural and other Areas",2013.0,Spring,14.0,16.05,86.18,,
497,Andhra Pradesh,Ramagundam,"Residential, Rural and other Areas",2013.0,Summer,8.76,15.9,59.62,,
498,Andhra Pradesh,Ramagundam,"Residential, Rural and other Areas",2013.0,Winter,12.38,15.95,120.14,,
507,Andhra Pradesh,Srikakulam,Industrial Area,2013.0,Autumn,14.19,19.27,70.33,,
508,Andhra Pradesh,Srikakulam,Industrial Area,2013.0,Spring,8.63,13.26,86.19,,
509,Andhra Pradesh,Srikakulam,Industrial Area,2013.0,Summer,11.15,17.96,69.54,,
510,Andhra Pradesh,Srikakulam,Industrial Area,2013.0,Winter,8.27,12.65,79.38,,
511,Andhra Pradesh,Srikakulam,Industrial Area,2014.0,Autumn,13.95,22.1,65.52,,
512,Andhra Pradesh,Srikakulam,Industrial Area,2014.0,Spring,15.88,24.12,70.65,,
513,Andhra Pradesh,Srikakulam,Industrial Area,2014.0,Summer,12.54,20.19,72.0,,
514,Andhra Pradesh,Srikakulam,Industrial Area,2014.0,Winter,14.15,22.59,68.96,,
515,Andhra Pradesh,Srikakulam,Industrial Area,2015.0,Autumn,9.96,22.74,74.59,,
516,Andhra Pradesh,Srikakulam,Industrial Area,2015.0,Spring,10.44,22.74,76.3,,
517,Andhra Pradesh,Srikakulam,Industrial Area,2015.0,Summer,9.32,21.68,68.96,,
518,Andhra Pradesh,Srikakulam,Industrial Area,2015.0,Winter,9.7,22.56,70.04,,
559,Andhra Pradesh,Vijayawada,Industrial Area,2010.0,Autumn,8.67,16.41,84.15,,
560,Andhra Pradesh,Vijayawada,Industrial Area,2010.0,Spring,5.24,13.21,126.03,,
561,Andhra Pradesh,Vijayawada,Industrial Area,2010.0,Summer,8.68,16.04,96.18,,
562,Andhra Pradesh,Vijayawada,Industrial Area,2010.0,Winter,6.48,14.76,100.83,,
563,Andhra Pradesh,Vijayawada,Industrial Area,2013.0,Autumn,4.95,22.18,106.41,,
564,Andhra Pradesh,Vijayawada,Industrial Area,2013.0,Spring,5.0,19.92,113.08,,
565,Andhra Pradesh,Vijayawada,Industrial Area,2013.0,Summer,4.8,18.58,104.61,,
566,Andhra Pradesh,Vijayawada,Industrial Area,2013.0,Winter,4.96,19.13,108.74,,
567,Andhra Pradesh,Vijayawada,Industrial Area,2014.0,Autumn,5.0,23.08,106.08,,
568,Andhra Pradesh,Vijayawada,Industrial Area,2014.0,Spring,5.0,23.59,99.52,,
569,Andhra Pradesh,Vijayawada,Industrial Area,2014.0,Summer,5.0,24.72,104.36,,
570,Andhra Pradesh,Vijayawada,Industrial Area,2014.0,Winter,4.94,22.82,104.24,,
571,Andhra Pradesh,Vijayawada,Industrial Area,2015.0,Autumn,5.88,47.28,108.08,,
572,Andhra Pradesh,Vijayawada,Industrial Area,2015.0,Spring,5.41,30.48,108.07,,
573,Andhra Pradesh,Vijayawada,Industrial Area,2015.0,Summer,6.04,39.61,105.48,,
574,Andhra Pradesh,Vijayawada,Industrial Area,2015.0,Winter,5.41,36.96,112.07,,
575,Andhra Pradesh,Vijayawada,Industrial Area,2006.0,Autumn,6.27,31.06,90.39,241.39,
576,Andhra Pradesh,Vijayawada,Industrial Area,2006.0,Spring,5.52,30.42,93.32,248.52,
577,Andhra Pradesh,Vijayawada,Industrial Area,2006.0,Summer,5.97,31.05,91.23,240.82,
578,Andhra Pradesh,Vijayawada,Industrial Area,2006.0,Winter,6.03,29.62,94.0,234.89,
579,Andhra Pradesh,Vijayawada,Industrial Area,2007.0,Autumn,12.68,43.2,90.59,238.56,
580,Andhra Pradesh,Vijayawada,Industrial Area,2007.0,Spring,7.54,33.45,96.14,250.86,
581,Andhra Pradesh,Vijayawada,Industrial Area,2007.0,Summer,7.65,34.24,87.52,239.04,
582,Andhra Pradesh,Vijayawada,Industrial Area,2007.0,Winter,6.87,36.78,94.19,238.67,
583,Andhra Pradesh,Vijayawada,Industrial Area,2008.0,Autumn,4.89,25.16,94.37,247.96,
584,Andhra Pradesh,Vijayawada,Industrial Area,2008.0,Spring,5.9,33.19,101.26,240.0,
585,Andhra Pradesh,Vijayawada,Industrial Area,2008.0,Summer,5.72,26.91,106.77,235.92,
586,Andhra Pradesh,Vijayawada,Industrial Area,2008.0,Winter,5.7,32.47,102.3,227.4,
587,Andhra Pradesh,Vijayawada,Industrial Area,2009.0,Autumn,5.13,15.1,89.23,258.41,
588,Andhra Pradesh,Vijayawada,Industrial Area,2009.0,Spring,4.52,14.34,77.78,176.04,
589,Andhra Pradesh,Vijayawada,Industrial Area,2009.0,Summer,4.5,14.42,86.32,208.36,
590,Andhra Pradesh,Vijayawada,Industrial Area,2009.0,Winter,4.64,13.77,87.64,204.59,
591,Andhra Pradesh,Vijayawada,Residential and others,2005.0,Autumn,5.8,31.06,75.0,158.0,
592,Andhra Pradesh,Vijayawada,Residential and others,2005.0,Spring,6.1,31.25,82.0,170.0,
593,Andhra Pradesh,Vijayawada,Residential and others,2005.0,Summer,5.65,33.65,83.5,157.5,
594,Andhra Pradesh,Vijayawada,Residential and others,2005.0,Winter,5.82,30.92,63.67,159.0,
595,Andhra Pradesh,Vijayawada,Residential and others,2006.0,Autumn,5.64,31.73,79.91,178.96,
596,Andhra Pradesh,Vijayawada,Residential and others,2006.0,Spring,5.16,32.21,80.48,176.0,
597,Andhra Pradesh,Vijayawada,Residential and others,2006.0,Summer,5.2,34.58,80.54,174.15,
598,Andhra Pradesh,Vijayawada,Residential and others,2006.0,Winter,5.15,29.72,82.0,182.88,
599,Andhra Pradesh,Vijayawada,Residential and others,2007.0,Autumn,5.66,47.41,81.93,185.78,
600,Andhra Pradesh,Vijayawada,Residential and others,2007.0,Spring,5.79,32.52,84.87,175.43,
601,Andhra Pradesh,Vijayawada,Residential and others,2007.0,Summer,5.89,31.0,83.56,172.76,
602,Andhra Pradesh,Vijayawada,Residential and others,2007.0,Winter,5.77,33.07,87.63,187.15,
603,Andhra Pradesh,Vijayawada,Residential and others,2008.0,Autumn,4.74,21.82,77.85,180.56,
604,Andhra Pradesh,Vijayawada,Residential and others,2008.0,Spring,5.76,29.63,96.52,216.41,
605,Andhra Pradesh,Vijayawada,Residential and others,2008.0,Summer,5.27,26.26,96.19,207.88,
606,Andhra Pradesh,Vijayawada,Residential and others,2008.0,Winter,5.85,27.35,95.07,198.93,
607,Andhra Pradesh,Vijayawada,Residential and others,2009.0,Autumn,4.8,13.05,68.23,198.05,
608,Andhra Pradesh,Vijayawada,Residential and others,2009.0,Spring,4.58,13.56,78.52,178.96,
609,Andhra Pradesh,Vijayawada,Residential and others,2009.0,Summer,4.53,12.51,76.2,182.76,
610,Andhra Pradesh,Vijayawada,Residential and others,2009.0,Winter,4.51,13.47,73.91,181.45,
611,Andhra Pradesh,Vijayawada,"Residential, Rural and other Areas",2010.0,Autumn,5.11,13.41,76.93,,
612,Andhra Pradesh,Vijayawada,"Residential, Rural and other Areas",2010.0,Spring,3.76,11.76,91.59,,
613,Andhra Pradesh,Vijayawada,"Residential, Rural and other Areas",2010.0,Summer,4.5,12.11,86.43,,
614,Andhra Pradesh,Vijayawada,"Residential, Rural and other Areas",2010.0,Winter,4.45,11.66,80.1,,
615,Andhra Pradesh,Vijayawada,"Residential, Rural and other Areas",2012.0,Autumn,5.17,12.7,89.13,,
616,Andhra Pradesh,Vijayawada,"Residential, Rural and other Areas",2012.0,Spring,6.69,11.57,98.86,,
617,Andhra Pradesh,Vijayawada,"Residential, Rural and other Areas",2012.0,Summer,6.63,11.63,93.37,,
618,Andhra Pradesh,Vijayawada,"Residential, Rural and other Areas",2012.0,Winter,5.97,12.67,97.9,,
619,Andhra Pradesh,Vijayawada,"Residential, Rural and other Areas",2013.0,Autumn,4.8,19.63,98.15,,
620,Andhra Pradesh,Vijayawada,"Residential, Rural and other Areas",2013.0,Spring,4.98,19.85,111.41,,
621,Andhra Pradesh,Vijayawada,"Residential, Rural and other Areas",2013.0,Summer,4.67,17.75,93.84,,
622,Andhra Pradesh,Vijayawada,"Residential, Rural and other Areas",2013.0,Winter,4.82,20.06,106.36,,
623,Andhra Pradesh,Vijayawada,"Residential, Rural and other Areas",2014.0,Autumn,4.88,24.03,99.47,,
624,Andhra Pradesh,Vijayawada,"Residential, Rural and other Areas",2014.0,Spring,4.94,24.59,96.22,,
625,Andhra Pradesh,Vijayawada,"Residential, Rural and other Areas",2014.0,Summer,4.96,25.0,97.6,,
626,Andhra Pradesh,Vijayawada,"Residential, Rural and other Areas",2014.0,Winter,4.85,23.35,102.24,,
627,Andhra Pradesh,Vijayawada,"Residential, Rural and other Areas",2015.0,Autumn,5.36,45.7,108.36,,
628,Andhra Pradesh,Vijayawada,"Residential, Rural and other Areas",2015.0,Spring,5.43,28.93,107.54,,
629,Andhra Pradesh,Vijayawada,"Residential, Rural and other Areas",2015.0,Summer,5.87,37.48,106.91,,
630,Andhra Pradesh,Vijayawada,"Residential, Rural and other Areas",2015.0,Winter,5.26,35.87,115.09,,
631,Andhra Pradesh,Visakhapatnam,Industrial Area,2004.0,Autumn,10.47,32.47,92.4,139.93,
632,Andhra Pradesh,Visakhapatnam,Industrial Area,2004.0,Spring,9.63,32.03,93.17,140.7,
633,Andhra Pradesh,Visakhapatnam,Industrial Area,2004.0,Summer,10.63,32.57,86.8,134.17,
634,Andhra Pradesh,Visakhapatnam,Industrial Area,2004.0,Winter,10.37,29.83,90.9,139.03,
635,Andhra Pradesh,Visakhapatnam,Industrial Area,2010.0,Autumn,4.56,11.98,50.8,,
636,Andhra Pradesh,Visakhapatnam,Industrial Area,2010.0,Spring,4.96,12.49,59.11,,
637,Andhra Pradesh,Visakhapatnam,Industrial Area,2010.0,Summer,4.63,11.94,47.54,,
638,Andhra Pradesh,Visakhapatnam,Industrial Area,2010.0,Winter,5.27,13.12,68.76,,
639,Andhra Pradesh,Visakhapatnam,Industrial Area,2012.0,Autumn,9.87,10.62,45.38,,
640,Andhra Pradesh,Visakhapatnam,Industrial Area,2012.0,Spring,7.96,11.02,45.04,,
641,Andhra Pradesh,Visakhapatnam,Industrial Area,2012.0,Summer,10.88,11.77,48.79,,
642,Andhra Pradesh,Visakhapatnam,Industrial Area,2012.0,Winter,10.21,12.72,48.02,,
643,Andhra Pradesh,Visakhapatnam,Industrial Area,2013.0,Autumn,13.2,21.72,39.7,,
644,Andhra Pradesh,Visakhapatnam,Industrial Area,2013.0,Spring,11.31,12.95,53.13,,
645,Andhra Pradesh,Visakhapatnam,Industrial Area,2013.0,Summer,9.17,13.99,46.86,,
646,Andhra Pradesh,Visakhapatnam,Industrial Area,2013.0,Winter,9.91,13.19,50.01,,
647,Andhra Pradesh,Visakhapatnam,Industrial Area,2014.0,Autumn,11.62,17.81,47.01,,
648,Andhra Pradesh,Visakhapatnam,Industrial Area,2014.0,Spring,11.12,15.85,60.57,,
649,Andhra Pradesh,Visakhapatnam,Industrial Area,2014.0,Summer,10.3,15.63,52.06,,
650,Andhra Pradesh,Visakhapatnam,Industrial Area,2014.0,Winter,11.94,18.1,56.99,,
651,Andhra Pradesh,Visakhapatnam,Industrial Area,2015.0,Autumn,7.45,16.82,54.65,,
652,Andhra Pradesh,Visakhapatnam,Industrial Area,2015.0,Spring,8.46,15.16,67.05,,
653,Andhra Pradesh,Visakhapatnam,Industrial Area,2015.0,Summer,7.51,16.69,42.88,,
654,Andhra Pradesh,Visakhapatnam,Industrial Area,2015.0,Winter,8.31,16.23,57.21,,
655,Andhra Pradesh,Visakhapatnam,Industrial Area,2005.0,Autumn,11.36,32.34,89.14,180.29,
656,Andhra Pradesh,Visakhapatnam,Industrial Area,2005.0,Spring,13.2,35.8,107.0,212.0,
657,Andhra Pradesh,Visakhapatnam,Industrial Area,2005.0,Summer,9.3,29.75,86.0,173.0,
658,Andhra Pradesh,Visakhapatnam,Industrial Area,2005.0,Winter,17.1,37.1,228.0,386.0,
659,Andhra Pradesh,Visakhapatnam,Industrial Area,2006.0,Autumn,11.54,31.29,92.4,182.47,
660,Andhra Pradesh,Visakhapatnam,Industrial Area,2006.0,Spring,11.99,32.28,92.33,192.63,
661,Andhra Pradesh,Visakhapatnam,Industrial Area,2006.0,Summer,11.02,31.9,91.55,183.52,
662,Andhra Pradesh,Visakhapatnam,Industrial Area,2006.0,Winter,11.5,32.42,93.7,189.27,
663,Andhra Pradesh,Visakhapatnam,Industrial Area,2007.0,Autumn,8.33,30.67,90.3,181.5,
664,Andhra Pradesh,Visakhapatnam,Industrial Area,2007.0,Spring,8.1,31.65,88.97,181.17,
665,Andhra Pradesh,Visakhapatnam,Industrial Area,2007.0,Summer,8.0,29.45,88.5,178.57,
666,Andhra Pradesh,Visakhapatnam,Industrial Area,2007.0,Winter,8.46,29.79,95.0,190.2,
667,Andhra Pradesh,Visakhapatnam,Industrial Area,2008.0,Autumn,11.55,22.57,59.31,127.81,
668,Andhra Pradesh,Visakhapatnam,Industrial Area,2008.0,Spring,8.45,31.33,77.97,159.73,
669,Andhra Pradesh,Visakhapatnam,Industrial Area,2008.0,Summer,8.88,29.01,61.96,129.19,
670,Andhra Pradesh,Visakhapatnam,Industrial Area,2008.0,Winter,9.58,27.83,75.55,152.66,
671,Andhra Pradesh,Visakhapatnam,Industrial Area,2009.0,Autumn,13.16,24.66,95.72,180.69,
672,Andhra Pradesh,Visakhapatnam,Industrial Area,2009.0,Spring,17.75,30.35,94.48,194.11,
673,Andhra Pradesh,Visakhapatnam,Industrial Area,2009.0,Summer,9.96,23.94,85.59,171.52,
674,Andhra Pradesh,Visakhapatnam,Industrial Area,2009.0,Winter,26.41,38.34,88.26,192.21,
675,Andhra Pradesh,Visakhapatnam,Residential and others,2005.0,Autumn,12.53,32.21,88.85,178.4,
676,Andhra Pradesh,Visakhapatnam,Residential and others,2005.0,Spring,11.3,34.93,94.33,193.0,
677,Andhra Pradesh,Visakhapatnam,Residential and others,2005.0,Summer,10.0,32.45,85.5,172.25,
678,Andhra Pradesh,Visakhapatnam,Residential and others,2005.0,Winter,12.85,35.35,163.75,284.25,
679,Andhra Pradesh,Visakhapatnam,Residential and others,2006.0,Autumn,11.17,31.52,112.82,226.8,
680,Andhra Pradesh,Visakhapatnam,Residential and others,2006.0,Spring,11.65,33.07,108.07,217.99,
681,Andhra Pradesh,Visakhapatnam,Residential and others,2006.0,Summer,11.78,32.64,106.67,214.83,
682,Andhra Pradesh,Visakhapatnam,Residential and others,2006.0,Winter,11.28,32.54,101.67,205.08,
683,Andhra Pradesh,Visakhapatnam,Residential and others,2007.0,Autumn,8.51,30.97,98.27,198.32,
684,Andhra Pradesh,Visakhapatnam,Residential and others,2007.0,Spring,8.5,30.57,90.59,183.7,
685,Andhra Pradesh,Visakhapatnam,Residential and others,2007.0,Summer,8.35,30.24,93.16,187.36,
686,Andhra Pradesh,Visakhapatnam,Residential and others,2007.0,Winter,8.97,30.9,97.96,198.66,
687,Andhra Pradesh,Visakhapatnam,Residential and others,2008.0,Autumn,9.61,28.41,74.5,173.44,
688,Andhra Pradesh,Visakhapatnam,Residential and others,2008.0,Spring,9.83,32.11,90.45,195.5,
689,Andhra Pradesh,Visakhapatnam,Residential and others,2008.0,Summer,10.63,30.64,79.03,197.93,
690,Andhra Pradesh,Visakhapatnam,Residential and others,2008.0,Winter,9.97,31.42,100.5,218.4,
691,Andhra Pradesh,Visakhapatnam,Residential and others,2009.0,Autumn,11.51,30.08,99.25,225.96,
692,Andhra Pradesh,Visakhapatnam,Residential and others,2009.0,Spring,11.59,34.83,94.32,247.72,
693,Andhra Pradesh,Visakhapatnam,Residential and others,2009.0,Summer,10.22,28.79,92.56,213.89,
694,Andhra Pradesh,Visakhapatnam,Residential and others,2009.0,Winter,15.07,37.74,106.23,247.19,
695,Andhra Pradesh,Visakhapatnam,"Residential, Rural and other Areas",2004.0,Autumn,10.73,32.98,91.91,137.54,
696,Andhra Pradesh,Visakhapatnam,"Residential, Rural and other Areas",2004.0,Spring,10.06,32.31,93.21,140.22,
697,Andhra Pradesh,Visakhapatnam,"Residential, Rural and other Areas",2004.0,Summer,10.47,32.38,87.46,133.66,
698,Andhra Pradesh,Visakhapatnam,"Residential, Rural and other Areas",2004.0,Winter,10.41,31.7,95.11,142.53,
699,Andhra Pradesh,Visakhapatnam,"Residential, Rural and other Areas",2010.0,Autumn,8.02,19.69,80.92,,
700,Andhra Pradesh,Visakhapatnam,"Residential, Rural and other Areas",2010.0,Spring,8.44,20.54,91.79,,
701,Andhra Pradesh,Visakhapatnam,"Residential, Rural and other Areas",2010.0,Summer,8.2,18.45,61.55,,
702,Andhra Pradesh,Visakhapatnam,"Residential, Rural and other Areas",2010.0,Winter,7.88,19.71,95.2,,
703,Andhra Pradesh,Visakhapatnam,"Residential, Rural and other Areas",2012.0,Autumn,17.04,14.33,69.68,,
704,Andhra Pradesh,Visakhapatnam,"Residential, Rural and other Areas",2012.0,Spring,15.03,14.28,83.11,,
705,Andhra Pradesh,Visakhapatnam,"Residential, Rural and other Areas",2012.0,Summer,17.38,16.61,78.54,,
706,Andhra Pradesh,Visakhapatnam,"Residential, Rural and other Areas",2012.0,Winter,14.54,16.38,84.9,,
707,Andhra Pradesh,Visakhapatnam,"Residential, Rural and other Areas",2013.0,Autumn,16.82,26.81,70.03,,
708,Andhra Pradesh,Visakhapatnam,"Residential, Rural and other Areas",2013.0,Spring,18.25,18.23,107.42,,
709,Andhra Pradesh,Visakhapatnam,"Residential, Rural and other Areas",2013.0,Summer,13.26,18.98,85.14,,
710,Andhra Pradesh,Visakhapatnam,"Residential, Rural and other Areas",2013.0,Winter,13.09,16.26,90.37,,
711,Andhra Pradesh,Visakhapatnam,"Residential, Rural and other Areas",2014.0,Autumn,17.26,29.24,70.64,,
712,Andhra Pradesh,Visakhapatnam,"Residential, Rural and other Areas",2014.0,Spring,15.89,24.3,86.43,,
713,Andhra Pradesh,Visakhapatnam,"Residential, Rural and other Areas",2014.0,Summer,14.05,23.31,74.01,,
714,Andhra Pradesh,Visakhapatnam,"Residential, Rural and other Areas",2014.0,Winter,15.58,25.67,80.27,,
715,Andhra Pradesh,Visakhapatnam,"Residential, Rural and other Areas",2015.0,Autumn,10.14,23.23,75.73,,
716,Andhra Pradesh,Visakhapatnam,"Residential, Rural and other Areas",2015.0,Spring,10.15,19.44,70.37,,
717,Andhra Pradesh,Visakhapatnam,"Residential, Rural and other Areas",2015.0,Summer,8.38,21.46,57.51,,
718,Andhra Pradesh,Visakhapatnam,"Residential, Rural and other Areas",2015.0,Winter,9.72,21.76,67.17,,
719,Andhra Pradesh,Visakhapatnam,Sensitive Area,2004.0,Autumn,10.36,31.48,85.48,117.72,
720,Andhra Pradesh,Visakhapatnam,Sensitive Area,2004.0,Spring,9.0,30.14,75.0,112.0,
721,Andhra Pradesh,Visakhapatnam,Sensitive Area,2004.0,Summer,9.48,30.8,74.52,115.36,
722,Andhra Pradesh,Visakhapatnam,Sensitive Area,2004.0,Winter,10.15,31.46,79.46,120.69,
723,Andhra Pradesh,Visakhapatnam,Sensitive Area,2010.0,Autumn,7.44,16.22,55.04,,
724,Andhra Pradesh,Visakhapatnam,Sensitive Area,2010.0,Spring,5.71,17.07,65.25,,
725,Andhra Pradesh,Visakhapatnam,Sensitive Area,2010.0,Summer,5.44,13.56,54.22,,
726,Andhra Pradesh,Visakhapatnam,Sensitive Area,2010.0,Winter,6.69,16.88,67.0,,
727,Andhra Pradesh,Visakhapatnam,Sensitive Area,2012.0,Autumn,6.56,10.7,53.3,,
728,Andhra Pradesh,Visakhapatnam,Sensitive Area,2012.0,Spring,7.37,11.93,53.3,,
729,Andhra Pradesh,Visakhapatnam,Sensitive Area,2012.0,Summer,9.19,11.93,36.7,,
730,Andhra Pradesh,Visakhapatnam,Sensitive Area,2012.0,Winter,9.52,13.96,62.26,,
731,Andhra Pradesh,Visakhapatnam,Sensitive Area,2013.0,Autumn,12.1,17.93,38.86,,
732,Andhra Pradesh,Visakhapatnam,Sensitive Area,2013.0,Spring,16.42,15.04,58.19,,
733,Andhra Pradesh,Visakhapatnam,Sensitive Area,2013.0,Summer,11.12,16.81,49.65,,
734,Andhra Pradesh,Visakhapatnam,Sensitive Area,2013.0,Winter,9.63,13.44,50.93,,
735,Andhra Pradesh,Visakhapatnam,Sensitive Area,2014.0,Autumn,12.08,19.12,65.54,,
736,Andhra Pradesh,Visakhapatnam,Sensitive Area,2014.0,Spring,13.41,19.41,54.04,,
737,Andhra Pradesh,Visakhapatnam,Sensitive Area,2014.0,Summer,10.89,17.44,51.96,,
738,Andhra Pradesh,Visakhapatnam,Sensitive Area,2014.0,Winter,12.37,17.96,53.11,,
739,Andhra Pradesh,Visakhapatnam,Sensitive Area,2015.0,Autumn,8.92,18.96,53.56,,
740,Andhra Pradesh,Visakhapatnam,Sensitive Area,2015.0,Spring,7.67,14.81,58.3,,
741,Andhra Pradesh,Visakhapatnam,Sensitive Area,2015.0,Summer,7.81,19.46,42.41,,
742,Andhra Pradesh,Visakhapatnam,Sensitive Area,2015.0,Winter,7.3,14.22,42.63,,
743,Andhra Pradesh,Visakhapatnam,Sensitive Area,2005.0,Autumn,10.7,31.7,73.14,151.57,
744,Andhra Pradesh,Visakhapatnam,Sensitive Area,2005.0,Spring,11.6,31.3,71.0,151.0,
745,Andhra Pradesh,Visakhapatnam,Sensitive Area,2005.0,Summer,10.5,33.2,77.0,161.0,
746,Andhra Pradesh,Visakhapatnam,Sensitive Area,2005.0,Winter,10.0,30.9,89.0,183.0,
747,Andhra Pradesh,Visakhapatnam,Sensitive Area,2006.0,Autumn,9.69,30.07,77.96,161.18,
748,Andhra Pradesh,Visakhapatnam,Sensitive Area,2006.0,Spring,10.73,31.55,79.21,160.24,
749,Andhra Pradesh,Visakhapatnam,Sensitive Area,2006.0,Summer,9.71,30.82,77.73,160.0,
750,Andhra Pradesh,Visakhapatnam,Sensitive Area,2006.0,Winter,9.97,31.3,81.14,163.07,
751,Andhra Pradesh,Visakhapatnam,Sensitive Area,2007.0,Autumn,8.03,30.17,77.27,159.3,
752,Andhra Pradesh,Visakhapatnam,Sensitive Area,2007.0,Spring,8.01,29.66,76.97,155.23,
753,Andhra Pradesh,Visakhapatnam,Sensitive Area,2007.0,Summer,8.01,29.86,78.0,158.27,
754,Andhra Pradesh,Visakhapatnam,Sensitive Area,2007.0,Winter,8.52,30.02,76.52,157.24,
755,Andhra Pradesh,Visakhapatnam,Sensitive Area,2008.0,Autumn,10.81,23.15,60.62,121.12,
756,Andhra Pradesh,Visakhapatnam,Sensitive Area,2008.0,Spring,9.01,28.9,67.97,140.8,
757,Andhra Pradesh,Visakhapatnam,Sensitive Area,2008.0,Summer,14.25,28.34,61.22,138.44,
758,Andhra Pradesh,Visakhapatnam,Sensitive Area,2008.0,Winter,11.19,29.8,80.97,165.24,
759,Andhra Pradesh,Visakhapatnam,Sensitive Area,2009.0,Autumn,12.54,28.44,71.25,141.6,
760,Andhra Pradesh,Visakhapatnam,Sensitive Area,2009.0,Spring,10.46,30.88,60.96,145.84,
761,Andhra Pradesh,Visakhapatnam,Sensitive Area,2009.0,Summer,10.15,25.44,66.28,148.48,
762,Andhra Pradesh,Visakhapatnam,Sensitive Area,2009.0,Winter,13.68,33.72,72.5,163.45,
775,Andhra Pradesh,Warangal,Residential and others,2009.0,Autumn,4.07,9.9,78.0,160.58,
776,Andhra Pradesh,Warangal,Residential and others,2009.0,Spring,4.35,10.65,44.5,137.5,
777,Andhra Pradesh,Warangal,Residential and others,2009.0,Summer,4.0,9.0,45.6,112.2,
778,Andhra Pradesh,Warangal,Residential and others,2009.0,Winter,4.0,9.0,61.0,135.0,
779,Andhra Pradesh,Warangal,"Residential, Rural and other Areas",2010.0,Autumn,3.93,8.5,43.25,,
780,Andhra Pradesh,Warangal,"Residential, Rural and other Areas",2010.0,Spring,2.19,13.42,65.23,,
781,Andhra Pradesh,Warangal,"Residential, Rural and other Areas",2010.0,Summer,4.65,6.96,36.81,,
782,Andhra Pradesh,Warangal,"Residential, Rural and other Areas",2010.0,Winter,3.32,11.14,65.68,,
783,Andhra Pradesh,Warangal,"Residential, Rural and other Areas",2011.0,Autumn,4.33,10.97,60.67,163.33,
784,Andhra Pradesh,Warangal,"Residential, Rural and other Areas",2011.0,Spring,4.62,9.93,44.83,128.72,
785,Andhra Pradesh,Warangal,"Residential, Rural and other Areas",2011.0,Summer,3.72,10.4,36.56,94.22,
786,Andhra Pradesh,Warangal,"Residential, Rural and other Areas",2013.0,Autumn,6.84,11.95,44.36,,
787,Andhra Pradesh,Warangal,"Residential, Rural and other Areas",2013.0,Spring,7.88,12.15,60.45,,
788,Andhra Pradesh,Warangal,"Residential, Rural and other Areas",2013.0,Summer,6.12,11.65,34.63,,
789,Andhra Pradesh,Warangal,"Residential, Rural and other Areas",2013.0,Winter,9.27,17.18,61.79,,
804,Assam,Bongaigaon,Residential and others,2005.0,Autumn,3.72,14.47,104.0,90.5,
805,Assam,Bongaigaon,Residential and others,2005.0,Spring,7.35,10.4,,40.5,
806,Assam,Bongaigaon,Residential and others,2005.0,Summer,6.55,8.8,,38.5,
807,Assam,Bongaigaon,Residential and others,2005.0,Winter,3.7,12.4,,31.0,
808,Assam,Bongaigaon,Residential and others,2006.0,Autumn,4.39,9.05,33.8,54.26,
809,Assam,Bongaigaon,Residential and others,2006.0,Spring,3.24,8.79,36.25,50.43,
810,Assam,Bongaigaon,Residential and others,2006.0,Summer,3.74,8.89,26.67,51.05,
811,Assam,Bongaigaon,Residential and others,2006.0,Winter,4.36,9.71,57.5,90.25,
812,Assam,Bongaigaon,Residential and others,2007.0,Autumn,4.16,9.96,47.11,80.7,
813,Assam,Bongaigaon,Residential and others,2007.0,Spring,4.26,10.54,53.66,109.91,
814,Assam,Bongaigaon,Residential and others,2007.0,Summer,3.77,8.88,31.92,59.57,
815,Assam,Bongaigaon,Residential and others,2007.0,Winter,3.76,9.7,61.98,104.42,
816,Assam,Bongaigaon,Residential and others,2008.0,Autumn,5.15,10.2,68.21,98.3,
817,Assam,Bongaigaon,Residential and others,2008.0,Spring,4.57,10.59,62.83,103.74,
818,Assam,Bongaigaon,Residential and others,2008.0,Summer,4.53,10.2,40.89,68.24,
819,Assam,Bongaigaon,Residential and others,2008.0,Winter,4.98,11.57,95.9,142.64,
820,Assam,Bongaigaon,Residential and others,2009.0,Autumn,6.17,14.92,67.38,106.92,
821,Assam,Bongaigaon,Residential and others,2009.0,Spring,5.81,15.51,62.78,107.76,
822,Assam,Bongaigaon,Residential and others,2009.0,Summer,5.71,14.12,89.12,136.75,
823,Assam,Bongaigaon,Residential and others,2009.0,Winter,6.86,16.63,109.0,243.95,
824,Assam,Bongaigaon,"Residential, Rural and other Areas",2010.0,Autumn,6.87,15.15,53.7,,
825,Assam,Bongaigaon,"Residential, Rural and other Areas",2010.0,Spring,6.17,15.15,56.13,,
826,Assam,Bongaigaon,"Residential, Rural and other Areas",2010.0,Summer,6.39,14.48,39.65,,
827,Assam,Bongaigaon,"Residential, Rural and other Areas",2010.0,Winter,6.7,15.45,88.17,,
828,Assam,Bongaigaon,"Residential, Rural and other Areas",2012.0,Autumn,6.32,13.62,42.84,,
829,Assam,Bongaigaon,"Residential, Rural and other Areas",2012.0,Spring,5.91,13.39,49.36,,
830,Assam,Bongaigaon,"Residential, Rural and other Areas",2012.0,Summer,6.08,13.88,41.46,,
831,Assam,Bongaigaon,"Residential, Rural and other Areas",2012.0,Winter,6.16,13.87,49.75,,
832,Assam,Bongaigaon,"Residential, Rural and other Areas",2013.0,Autumn,6.62,13.81,47.79,,
833,Assam,Bongaigaon,"Residential, Rural and other Areas",2013.0,Spring,6.67,14.63,43.3,,
834,Assam,Bongaigaon,"Residential, Rural and other Areas",2013.0,Summer,7.25,15.14,41.14,,
835,Assam,Bongaigaon,"Residential, Rural and other Areas",2013.0,Winter,6.62,14.04,47.02,,
836,Assam,Bongaigaon,"Residential, Rural and other Areas",2014.0,Autumn,6.74,13.21,50.42,,
837,Assam,Bongaigaon,"Residential, Rural and other Areas",2014.0,Spring,6.67,13.56,52.52,,
838,Assam,Bongaigaon,"Residential, Rural and other Areas",2014.0,Summer,6.4,12.44,42.23,,
839,Assam,Bongaigaon,"Residential, Rural and other Areas",2014.0,Winter,6.73,13.69,54.94,,
840,Assam,Bongaigaon,"Residential, Rural and other Areas",2015.0,Autumn,7.51,14.44,55.77,,
841,Assam,Bongaigaon,"Residential, Rural and other Areas",2015.0,Spring,7.39,14.78,42.76,,
842,Assam,Bongaigaon,"Residential, Rural and other Areas",2015.0,Summer,6.55,12.91,34.3,,
843,Assam,Bongaigaon,"Residential, Rural and other Areas",2015.0,Winter,6.82,13.58,54.9,,
936,Assam,Guwahati,Residential and others,2005.0,Autumn,5.04,18.02,99.94,182.59,
937,Assam,Guwahati,Residential and others,2005.0,Spring,5.56,16.11,108.32,171.46,
938,Assam,Guwahati,Residential and others,2005.0,Summer,4.68,15.18,93.44,155.74,
939,Assam,Guwahati,Residential and others,2005.0,Winter,6.09,20.01,146.85,254.56,
940,Assam,Guwahati,Residential and others,2006.0,Autumn,7.62,16.85,96.49,158.0,
941,Assam,Guwahati,Residential and others,2006.0,Spring,5.09,18.57,117.42,224.12,
942,Assam,Guwahati,Residential and others,2006.0,Summer,6.41,15.52,66.23,124.4,
943,Assam,Guwahati,Residential and others,2006.0,Winter,7.18,20.91,157.71,258.46,
944,Assam,Guwahati,Residential and others,2007.0,Autumn,8.2,15.33,85.12,127.27,
945,Assam,Guwahati,Residential and others,2007.0,Spring,9.29,16.13,106.27,181.77,
946,Assam,Guwahati,Residential and others,2007.0,Summer,7.72,14.35,65.61,106.52,
947,Assam,Guwahati,Residential and others,2007.0,Winter,10.32,18.36,143.68,206.1,
948,Assam,Guwahati,Residential and others,2008.0,Autumn,7.46,14.63,104.43,159.06,
949,Assam,Guwahati,Residential and others,2008.0,Spring,8.49,16.58,116.07,184.87,
950,Assam,Guwahati,Residential and others,2008.0,Summer,7.29,14.17,91.53,142.67,
951,Assam,Guwahati,Residential and others,2008.0,Winter,7.44,15.69,134.48,205.86,
952,Assam,Guwahati,Residential and others,2009.0,Autumn,7.56,15.22,112.99,192.05,
953,Assam,Guwahati,Residential and others,2009.0,Spring,8.26,17.2,124.66,225.77,
954,Assam,Guwahati,Residential and others,2009.0,Summer,6.84,14.72,79.73,147.01,
955,Assam,Guwahati,Residential and others,2009.0,Winter,9.04,18.64,171.39,314.21,
956,Assam,Guwahati,"Residential, Rural and other Areas",2004.0,Autumn,3.52,13.9,197.63,,
957,Assam,Guwahati,"Residential, Rural and other Areas",2004.0,Spring,3.09,14.72,207.47,,
958,Assam,Guwahati,"Residential, Rural and other Areas",2004.0,Summer,3.03,13.24,184.1,,
959,Assam,Guwahati,"Residential, Rural and other Areas",2004.0,Winter,3.14,15.44,199.72,,
960,Assam,Guwahati,"Residential, Rural and other Areas",2010.0,Autumn,7.1,14.71,98.45,,
961,Assam,Guwahati,"Residential, Rural and other Areas",2010.0,Spring,8.08,15.64,104.02,,
962,Assam,Guwahati,"Residential, Rural and other Areas",2010.0,Summer,7.44,14.97,71.12,,
963,Assam,Guwahati,"Residential, Rural and other Areas",2010.0,Winter,8.0,15.84,148.27,,
964,Assam,Guwahati,"Residential, Rural and other Areas",2012.0,Autumn,6.48,14.12,100.08,,
965,Assam,Guwahati,"Residential, Rural and other Areas",2012.0,Spring,6.08,14.15,95.63,,
966,Assam,Guwahati,"Residential, Rural and other Areas",2012.0,Summer,6.41,14.85,61.92,,
967,Assam,Guwahati,"Residential, Rural and other Areas",2012.0,Winter,5.74,13.61,126.8,,
968,Assam,Guwahati,"Residential, Rural and other Areas",2013.0,Autumn,6.95,15.42,132.03,,
969,Assam,Guwahati,"Residential, Rural and other Areas",2013.0,Spring,7.22,16.23,146.98,,
970,Assam,Guwahati,"Residential, Rural and other Areas",2013.0,Summer,7.35,16.07,138.35,,
971,Assam,Guwahati,"Residential, Rural and other Areas",2013.0,Winter,6.7,15.35,170.21,,
972,Assam,Guwahati,"Residential, Rural and other Areas",2014.0,Autumn,6.81,13.69,72.19,,
973,Assam,Guwahati,"Residential, Rural and other Areas",2014.0,Spring,7.15,14.66,111.37,,
974,Assam,Guwahati,"Residential, Rural and other Areas",2014.0,Summer,6.69,13.46,73.42,,
975,Assam,Guwahati,"Residential, Rural and other Areas",2014.0,Winter,6.95,14.39,123.57,,
976,Assam,Guwahati,"Residential, Rural and other Areas",2015.0,Autumn,6.9,13.06,76.49,,
977,Assam,Guwahati,"Residential, Rural and other Areas",2015.0,Spring,8.05,15.47,154.72,,
978,Assam,Guwahati,"Residential, Rural and other Areas",2015.0,Summer,5.94,11.85,69.75,,
979,Assam,Guwahati,"Residential, Rural and other Areas",2015.0,Winter,7.71,16.91,92.67,,
1092,Assam,Silchar,Residential and others,2009.0,Autumn,5.86,15.37,45.39,84.56,
1093,Assam,Silchar,Residential and others,2009.0,Spring,5.2,13.65,64.19,108.1,
1094,Assam,Silchar,Residential and others,2009.0,Summer,5.46,15.63,46.68,73.37,
1095,Assam,Silchar,Residential and others,2009.0,Winter,5.86,13.19,72.0,127.0,
1172,Assam,Tinsukia,"Residential, Rural and other Areas",2010.0,Autumn,6.1,13.24,55.1,,
1173,Assam,Tinsukia,"Residential, Rural and other Areas",2010.0,Spring,6.14,13.21,54.93,,
1174,Assam,Tinsukia,"Residential, Rural and other Areas",2010.0,Summer,6.57,14.24,37.95,,
1175,Assam,Tinsukia,"Residential, Rural and other Areas",2010.0,Winter,6.5,13.39,91.72,,
1176,Assam,Tinsukia,"Residential, Rural and other Areas",2012.0,Autumn,5.43,12.44,46.54,,
1177,Assam,Tinsukia,"Residential, Rural and other Areas",2012.0,Spring,5.27,12.37,62.96,,
1178,Assam,Tinsukia,"Residential, Rural and other Areas",2012.0,Summer,5.11,12.04,49.85,,
1179,Assam,Tinsukia,"Residential, Rural and other Areas",2012.0,Winter,5.2,12.17,67.13,,
1180,Assam,Tinsukia,"Residential, Rural and other Areas",2013.0,Autumn,5.87,12.45,66.0,,
1181,Assam,Tinsukia,"Residential, Rural and other Areas",2013.0,Spring,6.57,14.21,125.48,,
1182,Assam,Tinsukia,"Residential, Rural and other Areas",2013.0,Summer,6.63,14.87,114.11,,
1183,Assam,Tinsukia,"Residential, Rural and other Areas",2013.0,Winter,6.31,13.33,89.4,,
1184,Assam,Tinsukia,"Residential, Rural and other Areas",2014.0,Autumn,6.22,12.73,51.49,,
1185,Assam,Tinsukia,"Residential, Rural and other Areas",2014.0,Spring,6.83,13.62,61.94,,
1186,Assam,Tinsukia,"Residential, Rural and other Areas",2014.0,Summer,5.5,12.15,37.75,,
1187,Assam,Tinsukia,"Residential, Rural and other Areas",2014.0,Winter,6.82,12.82,76.79,,
1188,Assam,Tinsukia,"Residential, Rural and other Areas",2015.0,Autumn,7.04,14.67,119.52,,
1189,Assam,Tinsukia,"Residential, Rural and other Areas",2015.0,Spring,8.14,15.38,138.79,,
1190,Assam,Tinsukia,"Residential, Rural and other Areas",2015.0,Summer,6.52,13.29,113.93,,
1191,Assam,Tinsukia,"Residential, Rural and other Areas",2015.0,Winter,7.59,16.24,103.59,,
1247,Bihar,Dhanbad,"Residential, Rural and other Areas",2001.0,Autumn,20.7,65.83,,269.67,
1248,Bihar,Dhanbad,"Residential, Rural and other Areas",2001.0,Spring,12.7,6.55,,274.5,
1249,Bihar,Dhanbad,"Residential, Rural and other Areas",2001.0,Summer,12.73,31.3,,123.33,
1250,Bihar,Dhanbad,"Residential, Rural and other Areas",2001.0,Winter,22.0,33.97,,414.33,
1251,Bihar,Dhanbad,"Residential, Rural and other Areas",2002.0,Autumn,25.1,70.6,,248.0,
1252,Bihar,Dhanbad,"Residential, Rural and other Areas",2002.0,Spring,15.4,45.2,,261.5,
1253,Bihar,Dhanbad,"Residential, Rural and other Areas",2002.0,Summer,13.07,45.67,,184.67,
1254,Bihar,Dhanbad,"Residential, Rural and other Areas",2002.0,Winter,20.5,77.1,,218.0,
1278,Bihar,Jamshedpur,Industrial Area,2001.0,Autumn,40.53,48.63,,191.67,
1279,Bihar,Jamshedpur,Industrial Area,2001.0,Spring,43.93,52.1,,253.67,
1280,Bihar,Jamshedpur,Industrial Area,2001.0,Summer,42.05,53.1,,239.0,
1281,Bihar,Jamshedpur,Industrial Area,2001.0,Winter,31.0,43.23,,279.67,
1282,Bihar,Jamshedpur,Industrial Area,2002.0,Autumn,36.83,51.87,,204.0,
1283,Bihar,Jamshedpur,Industrial Area,2002.0,Spring,38.5,51.7,,240.0,
1284,Bihar,Jamshedpur,Industrial Area,2002.0,Summer,35.53,49.3,,181.33,
1285,Bihar,Jamshedpur,Industrial Area,2002.0,Winter,39.53,54.63,,254.33,
1307,Bihar,Jamshedpur,"Residential, Rural and other Areas",2001.0,Autumn,51.67,56.83,,233.33,
1308,Bihar,Jamshedpur,"Residential, Rural and other Areas",2001.0,Spring,51.8,58.4,,276.33,
1309,Bihar,Jamshedpur,"Residential, Rural and other Areas",2001.0,Summer,49.7,57.75,,310.5,
1310,Bihar,Jamshedpur,"Residential, Rural and other Areas",2001.0,Winter,41.57,49.67,,320.33,
1311,Bihar,Jamshedpur,"Residential, Rural and other Areas",2002.0,Autumn,47.57,57.97,,240.33,
1312,Bihar,Jamshedpur,"Residential, Rural and other Areas",2002.0,Spring,48.07,61.47,,252.33,
1313,Bihar,Jamshedpur,"Residential, Rural and other Areas",2002.0,Summer,45.5,60.47,,204.67,
1314,Bihar,Jamshedpur,"Residential, Rural and other Areas",2002.0,Winter,49.43,62.93,,296.0,
1376,Bihar,Patna,Residential and others,2005.0,Autumn,11.56,38.26,105.85,274.19,
1377,Bihar,Patna,Residential and others,2005.0,Spring,16.32,36.91,120.55,319.16,
1378,Bihar,Patna,Residential and others,2005.0,Summer,9.96,31.04,99.94,260.0,
1379,Bihar,Patna,Residential and others,2005.0,Winter,12.36,33.32,88.93,217.7,
1380,Bihar,Patna,Residential and others,2006.0,Autumn,9.63,40.0,112.81,283.98,
1381,Bihar,Patna,Residential and others,2006.0,Spring,10.01,42.41,114.39,316.87,
1382,Bihar,Patna,Residential and others,2006.0,Summer,9.73,37.72,110.49,290.28,
1383,Bihar,Patna,Residential and others,2006.0,Winter,10.59,37.59,106.86,281.23,
1384,Bihar,Patna,Residential and others,2007.0,Autumn,9.06,36.46,114.13,292.02,
1385,Bihar,Patna,Residential and others,2007.0,Spring,9.58,42.37,120.98,305.95,
1386,Bihar,Patna,Residential and others,2007.0,Summer,10.01,41.2,113.98,282.15,
1387,Bihar,Patna,Residential and others,2007.0,Winter,10.32,46.85,117.22,303.24,
1388,Bihar,Patna,Residential and others,2008.0,Autumn,6.75,37.45,140.38,339.63,
1389,Bihar,Patna,Residential and others,2008.0,Spring,8.37,46.0,130.12,341.88,
1390,Bihar,Patna,Residential and others,2008.0,Summer,6.94,37.67,86.77,233.95,
1391,Bihar,Patna,Residential and others,2008.0,Winter,5.93,35.69,125.1,301.82,
1392,Bihar,Patna,Residential and others,2009.0,Autumn,3.83,32.02,95.0,268.17,
1393,Bihar,Patna,Residential and others,2009.0,Spring,6.27,43.4,121.69,347.15,
1394,Bihar,Patna,Residential and others,2009.0,Summer,3.99,28.42,90.66,242.56,
1395,Bihar,Patna,Residential and others,2009.0,Winter,5.27,41.0,104.14,268.33,
1417,Bihar,Patna,"Residential, Rural and other Areas",2001.0,Autumn,18.13,21.07,,403.0,
1418,Bihar,Patna,"Residential, Rural and other Areas",2001.0,Spring,14.67,18.23,,565.33,
1419,Bihar,Patna,"Residential, Rural and other Areas",2001.0,Summer,13.17,15.47,,269.0,
1420,Bihar,Patna,"Residential, Rural and other Areas",2001.0,Winter,20.43,24.07,,707.0,
1421,Bihar,Patna,"Residential, Rural and other Areas",2002.0,Autumn,17.9,20.93,,554.33,
1422,Bihar,Patna,"Residential, Rural and other Areas",2002.0,Spring,17.63,20.6,,469.33,
1423,Bihar,Patna,"Residential, Rural and other Areas",2002.0,Summer,15.83,18.83,,368.67,
1424,Bihar,Patna,"Residential, Rural and other Areas",2002.0,Winter,18.23,21.7,,459.0,
1425,Bihar,Patna,"Residential, Rural and other Areas",2004.0,Autumn,10.23,23.56,66.76,131.63,
1426,Bihar,Patna,"Residential, Rural and other Areas",2004.0,Spring,12.77,21.46,101.06,196.0,
1427,Bihar,Patna,"Residential, Rural and other Areas",2004.0,Summer,10.6,18.96,66.85,142.42,
1428,Bihar,Patna,"Residential, Rural and other Areas",2004.0,Winter,13.51,38.11,96.84,173.29,
1429,Bihar,Patna,"Residential, Rural and other Areas",2010.0,Autumn,7.15,34.5,194.69,,
1430,Bihar,Patna,"Residential, Rural and other Areas",2010.0,Spring,8.12,35.72,164.1,,
1431,Bihar,Patna,"Residential, Rural and other Areas",2010.0,Summer,4.72,36.02,123.4,,
1432,Bihar,Patna,"Residential, Rural and other Areas",2010.0,Winter,6.69,37.25,198.7,,
1433,Bihar,Patna,"Residential, Rural and other Areas",2011.0,Autumn,3.75,31.75,149.88,,
1434,Bihar,Patna,"Residential, Rural and other Areas",2011.0,Spring,3.78,39.11,210.5,,
1435,Bihar,Patna,"Residential, Rural and other Areas",2011.0,Summer,3.3,26.13,112.94,,
1436,Bihar,Patna,"Residential, Rural and other Areas",2011.0,Winter,6.41,52.76,218.5,,
1437,Bihar,Patna,"Residential, Rural and other Areas",2012.0,Autumn,6.32,31.12,161.78,,
1438,Bihar,Patna,"Residential, Rural and other Areas",2012.0,Spring,6.0,31.43,165.84,,
1439,Bihar,Patna,"Residential, Rural and other Areas",2012.0,Summer,6.68,31.43,144.64,,
1440,Bihar,Patna,"Residential, Rural and other Areas",2012.0,Winter,5.13,44.12,179.04,,
1548,Chandigarh,Chandigarh,Industrial Area,2001.0,Autumn,,,,333.67,
1549,Chandigarh,Chandigarh,Industrial Area,2001.0,Spring,,,,369.0,
1550,Chandigarh,Chandigarh,Industrial Area,2001.0,Summer,,,,180.33,
1551,Chandigarh,Chandigarh,Industrial Area,2001.0,Winter,,,,307.0,
1552,Chandigarh,Chandigarh,Industrial Area,2002.0,Autumn,6.23,9.5,,333.67,
1553,Chandigarh,Chandigarh,Industrial Area,2002.0,Spring,13.13,10.87,,377.67,
1554,Chandigarh,Chandigarh,Industrial Area,2002.0,Summer,10.0,9.7,,403.33,
1555,Chandigarh,Chandigarh,Industrial Area,2002.0,Winter,3.7,12.7,,289.33,
1556,Chandigarh,Chandigarh,Industrial Area,2004.0,Autumn,7.74,45.03,123.94,290.29,
1557,Chandigarh,Chandigarh,Industrial Area,2004.0,Spring,6.36,26.09,168.55,339.86,
1558,Chandigarh,Chandigarh,Industrial Area,2004.0,Summer,8.9,35.97,102.48,207.45,
1559,Chandigarh,Chandigarh,Industrial Area,2004.0,Winter,5.41,36.81,156.8,262.67,
1560,Chandigarh,Chandigarh,Industrial Area,2010.0,Autumn,2.0,22.43,116.57,,
1561,Chandigarh,Chandigarh,Industrial Area,2010.0,Spring,2.0,16.06,138.94,,
1562,Chandigarh,Chandigarh,Industrial Area,2010.0,Summer,2.0,16.87,99.35,,
1563,Chandigarh,Chandigarh,Industrial Area,2010.0,Winter,2.0,22.54,132.05,,
1564,Chandigarh,Chandigarh,Industrial Area,2011.0,Autumn,2.1,21.72,149.29,288.94,
1565,Chandigarh,Chandigarh,Industrial Area,2011.0,Spring,2.08,19.21,125.39,281.21,
1566,Chandigarh,Chandigarh,Industrial Area,2011.0,Summer,2.0,16.19,114.45,231.36,
1567,Chandigarh,Chandigarh,Industrial Area,2011.0,Winter,2.0,22.71,160.12,292.3,
1568,Chandigarh,Chandigarh,Industrial Area,2012.0,Autumn,2.0,21.12,124.0,,
1569,Chandigarh,Chandigarh,Industrial Area,2012.0,Spring,2.0,24.61,152.06,,
1570,Chandigarh,Chandigarh,Industrial Area,2012.0,Summer,2.0,19.35,119.12,,
1571,Chandigarh,Chandigarh,Industrial Area,2012.0,Winter,2.0,24.75,134.5,,
1572,Chandigarh,Chandigarh,Industrial Area,2013.0,Autumn,2.0,33.19,109.35,,
1573,Chandigarh,Chandigarh,Industrial Area,2013.0,Spring,2.0,24.38,112.86,,
1574,Chandigarh,Chandigarh,Industrial Area,2013.0,Summer,2.0,37.0,110.31,,
1575,Chandigarh,Chandigarh,Industrial Area,2013.0,Winter,2.0,40.53,170.47,,
1576,Chandigarh,Chandigarh,Industrial Area,2014.0,Autumn,2.0,24.36,121.06,,
1577,Chandigarh,Chandigarh,Industrial Area,2014.0,Spring,2.0,24.63,107.55,,
1578,Chandigarh,Chandigarh,Industrial Area,2014.0,Summer,2.0,23.19,101.76,,
1579,Chandigarh,Chandigarh,Industrial Area,2014.0,Winter,2.0,29.87,132.64,,
1580,Chandigarh,Chandigarh,Industrial Area,2015.0,Autumn,2.0,30.43,86.51,,
1581,Chandigarh,Chandigarh,Industrial Area,2015.0,Spring,2.0,24.03,100.87,,
1582,Chandigarh,Chandigarh,Industrial Area,2015.0,Summer,2.0,25.64,75.87,,
1583,Chandigarh,Chandigarh,Industrial Area,2015.0,Winter,2.0,44.56,120.0,,
1584,Chandigarh,Chandigarh,Industrial Area,2005.0,Autumn,5.5,15.29,127.41,327.79,
1585,Chandigarh,Chandigarh,Industrial Area,2005.0,Spring,6.5,24.31,118.09,337.18,
1586,Chandigarh,Chandigarh,Industrial Area,2005.0,Summer,4.4,16.44,99.77,242.94,
1587,Chandigarh,Chandigarh,Industrial Area,2005.0,Winter,6.28,23.02,130.09,301.03,
1588,Chandigarh,Chandigarh,Industrial Area,2006.0,Autumn,,20.71,155.89,317.58,
1589,Chandigarh,Chandigarh,Industrial Area,2006.0,Spring,,15.77,139.97,303.32,
1590,Chandigarh,Chandigarh,Industrial Area,2006.0,Summer,,16.05,110.98,237.57,
1591,Chandigarh,Chandigarh,Industrial Area,2006.0,Winter,,20.25,147.97,309.18,
1592,Chandigarh,Chandigarh,Industrial Area,2007.0,Autumn,,21.51,127.83,307.86,
1593,Chandigarh,Chandigarh,Industrial Area,2007.0,Spring,,21.65,145.26,317.05,
1594,Chandigarh,Chandigarh,Industrial Area,2007.0,Summer,,17.46,108.59,240.68,
1595,Chandigarh,Chandigarh,Industrial Area,2007.0,Winter,,22.51,147.8,293.92,
1596,Chandigarh,Chandigarh,Industrial Area,2008.0,Autumn,5.3,20.53,103.53,223.56,
1597,Chandigarh,Chandigarh,Industrial Area,2008.0,Spring,,22.05,141.85,297.55,
1598,Chandigarh,Chandigarh,Industrial Area,2008.0,Summer,,15.25,98.42,202.45,
1599,Chandigarh,Chandigarh,Industrial Area,2008.0,Winter,,23.76,145.88,298.95,
1600,Chandigarh,Chandigarh,Industrial Area,2009.0,Autumn,,16.49,87.95,174.31,
1601,Chandigarh,Chandigarh,Industrial Area,2009.0,Spring,,21.28,112.05,223.55,
1602,Chandigarh,Chandigarh,Industrial Area,2009.0,Summer,,19.9,90.22,175.75,
1603,Chandigarh,Chandigarh,Industrial Area,2009.0,Winter,,21.03,81.74,163.62,
1604,Chandigarh,Chandigarh,Residential and others,2005.0,Autumn,4.46,12.67,85.7,195.96,
1605,Chandigarh,Chandigarh,Residential and others,2005.0,Spring,4.67,16.02,86.6,220.72,
1606,Chandigarh,Chandigarh,Residential and others,2005.0,Summer,4.29,12.49,89.49,218.49,
1607,Chandigarh,Chandigarh,Residential and others,2005.0,Winter,5.37,17.92,94.02,195.4,
1608,Chandigarh,Chandigarh,Residential and others,2006.0,Autumn,,14.99,93.74,194.85,
1609,Chandigarh,Chandigarh,Residential and others,2006.0,Spring,4.05,10.94,98.92,210.17,
1610,Chandigarh,Chandigarh,Residential and others,2006.0,Summer,5.27,12.82,86.77,187.99,
1611,Chandigarh,Chandigarh,Residential and others,2006.0,Winter,2.53,15.1,107.01,217.83,
1612,Chandigarh,Chandigarh,Residential and others,2007.0,Autumn,,14.98,94.52,204.14,
1613,Chandigarh,Chandigarh,Residential and others,2007.0,Spring,,12.01,100.01,220.92,
1614,Chandigarh,Chandigarh,Residential and others,2007.0,Summer,5.3,12.79,77.39,166.97,
1615,Chandigarh,Chandigarh,Residential and others,2007.0,Winter,,16.73,107.21,216.2,
1616,Chandigarh,Chandigarh,Residential and others,2008.0,Autumn,,14.16,75.02,155.62,
1617,Chandigarh,Chandigarh,Residential and others,2008.0,Spring,,15.64,104.63,218.54,
1618,Chandigarh,Chandigarh,Residential and others,2008.0,Summer,,12.42,78.42,162.98,
1619,Chandigarh,Chandigarh,Residential and others,2008.0,Winter,,16.13,95.75,194.57,
1620,Chandigarh,Chandigarh,Residential and others,2009.0,Autumn,,13.79,73.44,147.71,
1621,Chandigarh,Chandigarh,Residential and others,2009.0,Spring,5.8,14.75,85.7,176.73,
1622,Chandigarh,Chandigarh,Residential and others,2009.0,Summer,,14.68,76.13,153.46,
1623,Chandigarh,Chandigarh,Residential and others,2009.0,Winter,,14.56,75.38,151.11,
1670,Chandigarh,Chandigarh,"Residential, Rural and other Areas",2001.0,Autumn,,,,213.67,
1671,Chandigarh,Chandigarh,"Residential, Rural and other Areas",2001.0,Spring,,,,214.67,
1672,Chandigarh,Chandigarh,"Residential, Rural and other Areas",2001.0,Summer,,,,158.0,
1673,Chandigarh,Chandigarh,"Residential, Rural and other Areas",2001.0,Winter,,,,200.33,
1674,Chandigarh,Chandigarh,"Residential, Rural and other Areas",2002.0,Autumn,5.13,11.07,,207.33,
1675,Chandigarh,Chandigarh,"Residential, Rural and other Areas",2002.0,Spring,8.33,7.67,,300.0,
1676,Chandigarh,Chandigarh,"Residential, Rural and other Areas",2002.0,Summer,8.2,7.77,,283.0,
1677,Chandigarh,Chandigarh,"Residential, Rural and other Areas",2002.0,Winter,3.3,5.4,,176.67,
1678,Chandigarh,Chandigarh,"Residential, Rural and other Areas",2004.0,Autumn,5.1,26.57,79.61,127.11,
1679,Chandigarh,Chandigarh,"Residential, Rural and other Areas",2004.0,Spring,4.13,24.2,138.4,259.2,
1680,Chandigarh,Chandigarh,"Residential, Rural and other Areas",2004.0,Summer,7.81,28.19,74.31,148.19,
1681,Chandigarh,Chandigarh,"Residential, Rural and other Areas",2004.0,Winter,4.66,24.49,124.24,158.34,
1682,Chandigarh,Chandigarh,"Residential, Rural and other Areas",2010.0,Autumn,2.0,16.81,86.69,,
1683,Chandigarh,Chandigarh,"Residential, Rural and other Areas",2010.0,Spring,2.0,13.58,88.36,,
1684,Chandigarh,Chandigarh,"Residential, Rural and other Areas",2010.0,Summer,2.0,11.83,67.33,,
1685,Chandigarh,Chandigarh,"Residential, Rural and other Areas",2010.0,Winter,2.03,16.6,95.97,,
1686,Chandigarh,Chandigarh,"Residential, Rural and other Areas",2011.0,Autumn,2.03,13.65,90.4,175.11,
1687,Chandigarh,Chandigarh,"Residential, Rural and other Areas",2011.0,Spring,2.0,15.16,93.76,200.66,
1688,Chandigarh,Chandigarh,"Residential, Rural and other Areas",2011.0,Summer,2.0,11.09,77.71,153.5,
1689,Chandigarh,Chandigarh,"Residential, Rural and other Areas",2011.0,Winter,2.0,19.1,107.08,195.41,
1690,Chandigarh,Chandigarh,"Residential, Rural and other Areas",2012.0,Autumn,2.0,18.85,88.63,,
1691,Chandigarh,Chandigarh,"Residential, Rural and other Areas",2012.0,Spring,2.0,21.15,120.68,,
1692,Chandigarh,Chandigarh,"Residential, Rural and other Areas",2012.0,Summer,2.0,17.01,90.46,,
1693,Chandigarh,Chandigarh,"Residential, Rural and other Areas",2012.0,Winter,2.0,18.27,117.56,,
1694,Chandigarh,Chandigarh,"Residential, Rural and other Areas",2013.0,Autumn,2.03,25.67,92.49,,
1695,Chandigarh,Chandigarh,"Residential, Rural and other Areas",2013.0,Spring,2.0,22.74,90.65,,
1696,Chandigarh,Chandigarh,"Residential, Rural and other Areas",2013.0,Summer,2.0,26.28,81.05,,
1697,Chandigarh,Chandigarh,"Residential, Rural and other Areas",2013.0,Winter,2.0,31.66,119.1,,
1698,Chandigarh,Chandigarh,"Residential, Rural and other Areas",2014.0,Autumn,2.0,21.13,92.64,,
1699,Chandigarh,Chandigarh,"Residential, Rural and other Areas",2014.0,Spring,2.0,20.32,75.55,,
1700,Chandigarh,Chandigarh,"Residential, Rural and other Areas",2014.0,Summer,2.0,18.43,76.79,,
1701,Chandigarh,Chandigarh,"Residential, Rural and other Areas",2014.0,Winter,2.0,21.19,96.11,,
1702,Chandigarh,Chandigarh,"Residential, Rural and other Areas",2015.0,Autumn,2.0,23.15,82.93,,
1703,Chandigarh,Chandigarh,"Residential, Rural and other Areas",2015.0,Spring,2.0,18.7,83.15,,
1704,Chandigarh,Chandigarh,"Residential, Rural and other Areas",2015.0,Summer,2.0,19.84,66.01,,
1705,Chandigarh,Chandigarh,"Residential, Rural and other Areas",2015.0,Winter,2.0,34.06,99.11,,
1706,Chhattisgarh,Bhilai,Industrial Area,2010.0,Autumn,11.29,28.9,142.86,,
1707,Chhattisgarh,Bhilai,Industrial Area,2010.0,Spring,12.52,30.52,156.72,,
1708,Chhattisgarh,Bhilai,Industrial Area,2010.0,Summer,11.55,29.95,146.48,,
1709,Chhattisgarh,Bhilai,Industrial Area,2010.0,Winter,12.76,30.19,155.52,,
1710,Chhattisgarh,Bhilai,Industrial Area,2011.0,Autumn,11.46,31.21,159.75,,
1711,Chhattisgarh,Bhilai,Industrial Area,2011.0,Spring,12.0,31.0,155.64,,
1712,Chhattisgarh,Bhilai,Industrial Area,2011.0,Summer,11.1,30.19,151.86,,
1713,Chhattisgarh,Bhilai,Industrial Area,2011.0,Winter,12.21,31.29,159.5,,
1714,Chhattisgarh,Bhilai,Industrial Area,2012.0,Autumn,11.18,30.82,158.14,,
1715,Chhattisgarh,Bhilai,Industrial Area,2012.0,Spring,11.16,30.52,139.04,,
1716,Chhattisgarh,Bhilai,Industrial Area,2012.0,Summer,11.22,30.96,153.65,,
1717,Chhattisgarh,Bhilai,Industrial Area,2012.0,Winter,11.59,30.82,161.32,,
1718,Chhattisgarh,Bhilai,Industrial Area,2013.0,Autumn,11.21,31.16,164.65,,
1719,Chhattisgarh,Bhilai,Industrial Area,2013.0,Spring,11.3,30.9,159.4,,
1720,Chhattisgarh,Bhilai,Industrial Area,2013.0,Summer,11.18,31.36,155.55,,
1721,Chhattisgarh,Bhilai,Industrial Area,2013.0,Winter,11.58,30.84,164.37,,
1722,Chhattisgarh,Bhilai,Industrial Area,2014.0,Autumn,11.22,31.0,164.12,,
1723,Chhattisgarh,Bhilai,Industrial Area,2014.0,Spring,11.29,31.54,163.62,,
1724,Chhattisgarh,Bhilai,Industrial Area,2014.0,Summer,11.29,31.08,156.21,,
1725,Chhattisgarh,Bhilai,Industrial Area,2014.0,Winter,11.33,31.19,165.11,,
1726,Chhattisgarh,Bhilai,Industrial Area,2015.0,Autumn,11.13,31.0,160.6,,
1727,Chhattisgarh,Bhilai,Industrial Area,2015.0,Spring,11.45,31.36,164.41,,
1728,Chhattisgarh,Bhilai,Industrial Area,2015.0,Summer,10.82,30.55,155.09,,
1729,Chhattisgarh,Bhilai,Industrial Area,2015.0,Winter,11.68,31.59,170.18,,
1730,Chhattisgarh,Bhilai,"Residential, Rural and other Areas",2010.0,Autumn,7.13,17.78,84.09,,
1731,Chhattisgarh,Bhilai,"Residential, Rural and other Areas",2010.0,Spring,7.89,19.23,93.88,,
1732,Chhattisgarh,Bhilai,"Residential, Rural and other Areas",2010.0,Summer,7.16,17.77,82.49,,
1733,Chhattisgarh,Bhilai,"Residential, Rural and other Areas",2010.0,Winter,8.22,19.51,93.62,,
1734,Chhattisgarh,Bhilai,"Residential, Rural and other Areas",2011.0,Autumn,7.13,18.56,80.17,,
1735,Chhattisgarh,Bhilai,"Residential, Rural and other Areas",2011.0,Spring,7.3,17.85,81.01,,
1736,Chhattisgarh,Bhilai,"Residential, Rural and other Areas",2011.0,Summer,7.25,17.39,78.2,,
1737,Chhattisgarh,Bhilai,"Residential, Rural and other Areas",2011.0,Winter,8.18,18.79,84.53,,
1738,Chhattisgarh,Bhilai,"Residential, Rural and other Areas",2012.0,Autumn,6.94,18.52,79.98,,
1739,Chhattisgarh,Bhilai,"Residential, Rural and other Areas",2012.0,Spring,7.02,17.94,75.89,,
1740,Chhattisgarh,Bhilai,"Residential, Rural and other Areas",2012.0,Summer,7.76,20.5,77.29,,
1741,Chhattisgarh,Bhilai,"Residential, Rural and other Areas",2012.0,Winter,7.13,18.84,79.22,,
1742,Chhattisgarh,Bhilai,"Residential, Rural and other Areas",2013.0,Autumn,6.93,17.98,78.33,,
1743,Chhattisgarh,Bhilai,"Residential, Rural and other Areas",2013.0,Spring,7.48,18.59,79.8,,
1744,Chhattisgarh,Bhilai,"Residential, Rural and other Areas",2013.0,Summer,7.94,18.71,77.27,,
1745,Chhattisgarh,Bhilai,"Residential, Rural and other Areas",2013.0,Winter,7.54,19.02,79.18,,
1746,Chhattisgarh,Bhilai,"Residential, Rural and other Areas",2014.0,Autumn,7.38,18.88,80.77,,
1747,Chhattisgarh,Bhilai,"Residential, Rural and other Areas",2014.0,Spring,7.16,17.56,78.88,,
1748,Chhattisgarh,Bhilai,"Residential, Rural and other Areas",2014.0,Summer,7.15,17.79,76.15,,
1749,Chhattisgarh,Bhilai,"Residential, Rural and other Areas",2014.0,Winter,7.83,20.12,83.63,,
1750,Chhattisgarh,Bhilai,"Residential, Rural and other Areas",2015.0,Autumn,7.4,18.49,81.67,,
1751,Chhattisgarh,Bhilai,"Residential, Rural and other Areas",2015.0,Spring,8.05,18.6,84.74,,
1752,Chhattisgarh,Bhilai,"Residential, Rural and other Areas",2015.0,Summer,7.55,17.89,77.11,,
1753,Chhattisgarh,Bhilai,"Residential, Rural and other Areas",2015.0,Winter,7.98,19.06,84.04,,
1794,Chhattisgarh,Bilaspur,"Residential, Rural and other Areas",2013.0,Autumn,5.47,22.88,110.35,,
1795,Chhattisgarh,Bilaspur,"Residential, Rural and other Areas",2013.0,Spring,5.37,21.32,138.75,,
1796,Chhattisgarh,Bilaspur,"Residential, Rural and other Areas",2013.0,Summer,4.78,20.17,92.8,,
1797,Chhattisgarh,Bilaspur,"Residential, Rural and other Areas",2013.0,Winter,6.09,22.82,118.43,,
1798,Chhattisgarh,Bilaspur,"Residential, Rural and other Areas",2014.0,Autumn,5.0,20.89,97.37,,
1799,Chhattisgarh,Bilaspur,"Residential, Rural and other Areas",2014.0,Spring,5.23,21.36,101.5,,
1800,Chhattisgarh,Bilaspur,"Residential, Rural and other Areas",2014.0,Summer,5.0,20.73,98.73,,
1801,Chhattisgarh,Bilaspur,"Residential, Rural and other Areas",2014.0,Winter,5.58,21.79,106.63,,
1802,Chhattisgarh,Bilaspur,"Residential, Rural and other Areas",2015.0,Autumn,6.75,22.4,103.4,,
1803,Chhattisgarh,Bilaspur,"Residential, Rural and other Areas",2015.0,Spring,5.68,21.0,97.45,,
1804,Chhattisgarh,Bilaspur,"Residential, Rural and other Areas",2015.0,Summer,5.88,21.35,96.29,,
1805,Chhattisgarh,Bilaspur,"Residential, Rural and other Areas",2015.0,Winter,6.0,22.0,100.27,,
1806,Chhattisgarh,Korba,Residential and others,2005.0,Autumn,12.77,20.03,71.49,167.66,
1807,Chhattisgarh,Korba,Residential and others,2005.0,Spring,13.08,21.04,77.22,195.15,
1808,Chhattisgarh,Korba,Residential and others,2005.0,Summer,12.78,19.8,71.94,173.9,
1809,Chhattisgarh,Korba,Residential and others,2005.0,Winter,13.0,20.6,80.37,189.03,
1810,Chhattisgarh,Korba,Residential and others,2006.0,Autumn,13.49,21.3,91.48,183.5,
1811,Chhattisgarh,Korba,Residential and others,2006.0,Spring,13.01,20.76,106.61,204.68,
1812,Chhattisgarh,Korba,Residential and others,2006.0,Summer,12.93,20.56,93.52,182.87,
1813,Chhattisgarh,Korba,Residential and others,2006.0,Winter,13.33,20.66,95.38,194.55,
1814,Chhattisgarh,Korba,Residential and others,2007.0,Autumn,12.96,20.77,101.49,209.83,
1815,Chhattisgarh,Korba,Residential and others,2007.0,Spring,13.11,20.92,98.55,206.19,
1816,Chhattisgarh,Korba,Residential and others,2007.0,Summer,12.96,20.78,96.52,198.8,
1817,Chhattisgarh,Korba,Residential and others,2007.0,Winter,13.39,21.25,103.13,210.41,
1818,Chhattisgarh,Korba,Residential and others,2008.0,Autumn,13.36,21.39,102.66,215.87,
1819,Chhattisgarh,Korba,Residential and others,2008.0,Spring,13.33,21.26,117.95,246.58,
1820,Chhattisgarh,Korba,Residential and others,2008.0,Summer,12.93,20.89,97.7,204.92,
1821,Chhattisgarh,Korba,Residential and others,2008.0,Winter,13.29,21.25,108.18,226.41,
1822,Chhattisgarh,Korba,Residential and others,2009.0,Autumn,13.14,21.31,112.09,234.04,
1823,Chhattisgarh,Korba,Residential and others,2009.0,Spring,13.26,21.21,122.75,255.8,
1824,Chhattisgarh,Korba,Residential and others,2009.0,Summer,13.26,21.21,116.28,242.42,
1825,Chhattisgarh,Korba,Residential and others,2009.0,Winter,13.56,21.58,117.72,246.49,
1846,Chhattisgarh,Korba,"Residential, Rural and other Areas",2001.0,Autumn,,,,97.67,
1847,Chhattisgarh,Korba,"Residential, Rural and other Areas",2001.0,Spring,12.77,21.2,,78.67,
1848,Chhattisgarh,Korba,"Residential, Rural and other Areas",2001.0,Summer,12.3,19.9,,69.67,
1849,Chhattisgarh,Korba,"Residential, Rural and other Areas",2001.0,Winter,12.85,19.3,,80.33,
1850,Chhattisgarh,Korba,"Residential, Rural and other Areas",2002.0,Autumn,13.07,20.37,,71.67,
1851,Chhattisgarh,Korba,"Residential, Rural and other Areas",2002.0,Spring,,,,133.0,
1852,Chhattisgarh,Korba,"Residential, Rural and other Areas",2002.0,Summer,12.27,18.07,,77.33,
1853,Chhattisgarh,Korba,"Residential, Rural and other Areas",2002.0,Winter,12.6,20.0,,105.67,
1854,Chhattisgarh,Korba,"Residential, Rural and other Areas",2004.0,Autumn,13.41,20.4,162.5,187.58,
1855,Chhattisgarh,Korba,"Residential, Rural and other Areas",2004.0,Spring,13.13,20.03,161.9,177.17,
1856,Chhattisgarh,Korba,"Residential, Rural and other Areas",2004.0,Summer,12.93,20.6,154.82,171.26,
1857,Chhattisgarh,Korba,"Residential, Rural and other Areas",2004.0,Winter,13.16,19.31,153.11,186.56,
1858,Chhattisgarh,Korba,"Residential, Rural and other Areas",2010.0,Autumn,12.68,20.4,87.34,,
1859,Chhattisgarh,Korba,"Residential, Rural and other Areas",2010.0,Spring,13.08,21.01,106.6,,
1860,Chhattisgarh,Korba,"Residential, Rural and other Areas",2010.0,Summer,12.88,20.57,96.65,,
1861,Chhattisgarh,Korba,"Residential, Rural and other Areas",2010.0,Winter,12.85,20.61,103.96,,
1862,Chhattisgarh,Korba,"Residential, Rural and other Areas",2011.0,Autumn,12.23,19.87,83.5,,
1863,Chhattisgarh,Korba,"Residential, Rural and other Areas",2011.0,Spring,12.86,20.81,102.7,,
1864,Chhattisgarh,Korba,"Residential, Rural and other Areas",2011.0,Summer,12.45,20.31,95.18,,
1865,Chhattisgarh,Korba,"Residential, Rural and other Areas",2011.0,Winter,12.39,20.18,93.15,,
1866,Chhattisgarh,Korba,"Residential, Rural and other Areas",2012.0,Autumn,12.01,19.34,78.11,,
1867,Chhattisgarh,Korba,"Residential, Rural and other Areas",2012.0,Spring,12.04,19.44,80.64,,
1868,Chhattisgarh,Korba,"Residential, Rural and other Areas",2012.0,Summer,11.86,19.16,78.04,,
1869,Chhattisgarh,Korba,"Residential, Rural and other Areas",2012.0,Winter,11.82,19.24,78.55,,
1870,Chhattisgarh,Korba,"Residential, Rural and other Areas",2013.0,Autumn,12.41,19.62,75.83,,
1871,Chhattisgarh,Korba,"Residential, Rural and other Areas",2013.0,Spring,12.57,19.54,79.7,,
1872,Chhattisgarh,Korba,"Residential, Rural and other Areas",2013.0,Summer,12.19,18.8,75.54,,
1873,Chhattisgarh,Korba,"Residential, Rural and other Areas",2013.0,Winter,12.62,19.78,77.67,,
1874,Chhattisgarh,Korba,"Residential, Rural and other Areas",2014.0,Autumn,12.27,18.61,67.36,,
1875,Chhattisgarh,Korba,"Residential, Rural and other Areas",2014.0,Spring,12.81,19.88,75.92,,
1876,Chhattisgarh,Korba,"Residential, Rural and other Areas",2014.0,Summer,11.91,18.38,69.21,,
1877,Chhattisgarh,Korba,"Residential, Rural and other Areas",2014.0,Winter,12.69,19.29,68.39,,
1878,Chhattisgarh,Korba,"Residential, Rural and other Areas",2015.0,Autumn,11.83,18.03,55.76,,
1879,Chhattisgarh,Korba,"Residential, Rural and other Areas",2015.0,Spring,11.91,18.19,67.22,,
1880,Chhattisgarh,Korba,"Residential, Rural and other Areas",2015.0,Summer,11.59,17.97,79.69,,
1881,Chhattisgarh,Korba,"Residential, Rural and other Areas",2015.0,Winter,12.21,18.93,63.0,,
1882,Chhattisgarh,Raipur,Industrial Area,2010.0,Autumn,15.73,44.8,311.22,,
1883,Chhattisgarh,Raipur,Industrial Area,2010.0,Spring,15.5,45.25,360.17,,
1884,Chhattisgarh,Raipur,Industrial Area,2010.0,Summer,16.12,45.86,350.33,,
1885,Chhattisgarh,Raipur,Industrial Area,2010.0,Winter,18.27,48.09,394.83,,
1886,Chhattisgarh,Raipur,Industrial Area,2011.0,Autumn,16.0,42.92,382.62,,
1887,Chhattisgarh,Raipur,Industrial Area,2011.0,Spring,16.75,44.5,362.45,,
1888,Chhattisgarh,Raipur,Industrial Area,2011.0,Summer,16.5,44.5,377.0,,
1889,Chhattisgarh,Raipur,Industrial Area,2011.0,Winter,17.22,45.67,404.92,,
1890,Chhattisgarh,Raipur,Industrial Area,2013.0,Autumn,14.5,39.21,291.07,,
1891,Chhattisgarh,Raipur,Industrial Area,2013.0,Spring,15.16,42.0,305.76,,
1892,Chhattisgarh,Raipur,Industrial Area,2013.0,Summer,14.12,39.38,276.5,,
1893,Chhattisgarh,Raipur,Industrial Area,2013.0,Winter,16.67,43.08,344.17,,
1894,Chhattisgarh,Raipur,Industrial Area,2014.0,Autumn,15.67,40.33,330.83,,
1895,Chhattisgarh,Raipur,Industrial Area,2014.0,Spring,15.67,40.58,327.5,,
1896,Chhattisgarh,Raipur,Industrial Area,2014.0,Summer,15.0,39.38,320.67,,
1897,Chhattisgarh,Raipur,Industrial Area,2014.0,Winter,16.75,42.5,337.78,,
1898,Chhattisgarh,Raipur,Industrial Area,2015.0,Autumn,14.19,37.48,221.14,,
1899,Chhattisgarh,Raipur,Industrial Area,2015.0,Summer,14.75,39.0,242.4,,
1900,Chhattisgarh,Raipur,Industrial Area,2015.0,Winter,15.17,39.17,234.0,,
1901,Chhattisgarh,Raipur,Industrial Area,2005.0,Autumn,10.97,35.74,223.89,334.44,
1902,Chhattisgarh,Raipur,Industrial Area,2005.0,Spring,10.7,37.02,261.86,389.95,
1903,Chhattisgarh,Raipur,Industrial Area,2005.0,Summer,10.57,36.25,214.27,316.05,
1904,Chhattisgarh,Raipur,Industrial Area,2005.0,Winter,10.75,36.28,252.68,365.32,
1905,Chhattisgarh,Raipur,Industrial Area,2006.0,Autumn,11.78,33.19,169.91,281.14,
1906,Chhattisgarh,Raipur,Industrial Area,2006.0,Spring,11.31,33.36,196.62,301.12,
1907,Chhattisgarh,Raipur,Industrial Area,2006.0,Summer,10.74,31.32,162.44,260.56,
1908,Chhattisgarh,Raipur,Industrial Area,2006.0,Winter,11.58,34.2,198.1,315.05,
1909,Chhattisgarh,Raipur,Industrial Area,2007.0,Autumn,13.6,33.65,180.05,312.33,
1910,Chhattisgarh,Raipur,Industrial Area,2007.0,Spring,13.3,34.57,183.19,307.85,
1911,Chhattisgarh,Raipur,Industrial Area,2007.0,Summer,13.0,34.7,157.44,275.17,
1912,Chhattisgarh,Raipur,Industrial Area,2007.0,Winter,13.98,35.0,182.04,313.12,
1913,Chhattisgarh,Raipur,Industrial Area,2008.0,Autumn,18.75,42.4,232.0,427.27,
1914,Chhattisgarh,Raipur,Industrial Area,2008.0,Spring,16.64,41.69,218.32,397.89,
1915,Chhattisgarh,Raipur,Industrial Area,2008.0,Summer,17.16,42.17,202.22,361.72,
1916,Chhattisgarh,Raipur,Industrial Area,2008.0,Winter,17.39,40.21,202.94,368.71,
1917,Chhattisgarh,Raipur,Industrial Area,2009.0,Autumn,17.63,48.08,259.67,476.2,
1918,Chhattisgarh,Raipur,Industrial Area,2009.0,Spring,21.7,47.2,264.25,463.0,
1919,Chhattisgarh,Raipur,Industrial Area,2009.0,Summer,21.82,48.5,266.83,429.5,
1920,Chhattisgarh,Raipur,Industrial Area,2009.0,Winter,21.29,46.82,267.67,494.1,
1921,Chhattisgarh,Raipur,Residential and others,2005.0,Autumn,11.58,35.5,144.78,241.78,
1922,Chhattisgarh,Raipur,Residential and others,2005.0,Spring,11.33,36.56,240.36,354.5,
1923,Chhattisgarh,Raipur,Residential and others,2005.0,Summer,11.17,36.52,167.03,263.68,
1924,Chhattisgarh,Raipur,Residential and others,2005.0,Winter,11.09,35.57,185.93,291.2,
1925,Chhattisgarh,Raipur,Residential and others,2006.0,Autumn,12.34,33.31,117.71,210.0,
1926,Chhattisgarh,Raipur,Residential and others,2006.0,Spring,11.89,33.97,159.17,259.62,
1927,Chhattisgarh,Raipur,Residential and others,2006.0,Summer,11.82,32.93,132.91,223.63,
1928,Chhattisgarh,Raipur,Residential and others,2006.0,Winter,12.27,34.11,143.28,244.26,
1929,Chhattisgarh,Raipur,Residential and others,2007.0,Autumn,15.14,36.27,126.47,227.82,
1930,Chhattisgarh,Raipur,Residential and others,2007.0,Spring,14.29,36.0,133.97,223.27,
1931,Chhattisgarh,Raipur,Residential and others,2007.0,Summer,14.62,35.78,113.2,205.11,
1932,Chhattisgarh,Raipur,Residential and others,2007.0,Winter,14.96,35.17,131.76,236.95,
1933,Chhattisgarh,Raipur,Residential and others,2008.0,Autumn,21.03,45.15,215.05,410.86,
1934,Chhattisgarh,Raipur,Residential and others,2008.0,Spring,18.53,45.22,180.06,369.4,
1935,Chhattisgarh,Raipur,Residential and others,2008.0,Summer,19.74,44.74,172.9,357.22,
1936,Chhattisgarh,Raipur,Residential and others,2008.0,Winter,18.41,39.81,162.71,314.42,
1937,Chhattisgarh,Raipur,Residential and others,2009.0,Autumn,15.54,44.96,250.58,395.68,
1938,Chhattisgarh,Raipur,Residential and others,2009.0,Spring,19.44,45.41,235.43,409.78,
1939,Chhattisgarh,Raipur,Residential and others,2009.0,Summer,18.21,44.9,231.33,389.6,
1940,Chhattisgarh,Raipur,Residential and others,2009.0,Winter,22.76,47.44,262.35,505.29,
1941,Chhattisgarh,Raipur,"Residential, Rural and other Areas",2010.0,Autumn,12.83,40.45,233.3,,
1942,Chhattisgarh,Raipur,"Residential, Rural and other Areas",2010.0,Spring,14.05,41.82,261.09,,
1943,Chhattisgarh,Raipur,"Residential, Rural and other Areas",2010.0,Summer,13.57,40.29,242.55,,
1944,Chhattisgarh,Raipur,"Residential, Rural and other Areas",2010.0,Winter,14.62,43.11,287.42,,
1945,Chhattisgarh,Raipur,"Residential, Rural and other Areas",2011.0,Autumn,13.43,40.71,240.57,,
1946,Chhattisgarh,Raipur,"Residential, Rural and other Areas",2011.0,Spring,13.25,40.56,238.35,,
1947,Chhattisgarh,Raipur,"Residential, Rural and other Areas",2011.0,Summer,13.55,41.57,230.33,,
1948,Chhattisgarh,Raipur,"Residential, Rural and other Areas",2011.0,Winter,13.68,41.1,255.29,,
1949,Chhattisgarh,Raipur,"Residential, Rural and other Areas",2012.0,Autumn,13.0,36.67,211.67,,
1950,Chhattisgarh,Raipur,"Residential, Rural and other Areas",2012.0,Spring,11.0,33.5,180.5,,
1951,Chhattisgarh,Raipur,"Residential, Rural and other Areas",2012.0,Summer,13.12,37.88,210.38,,
1952,Chhattisgarh,Raipur,"Residential, Rural and other Areas",2012.0,Winter,12.67,36.83,211.0,,
1953,Chhattisgarh,Raipur,"Residential, Rural and other Areas",2015.0,Autumn,12.71,34.9,155.68,,
1954,Chhattisgarh,Raipur,"Residential, Rural and other Areas",2015.0,Summer,11.71,32.57,136.57,,
1955,Chhattisgarh,Raipur,"Residential, Rural and other Areas",2015.0,Winter,12.5,33.67,146.0,,
2116,Delhi,Delhi,Industrial Area,2001.0,Autumn,12.71,29.79,,350.64,
2117,Delhi,Delhi,Industrial Area,2001.0,Spring,13.64,35.44,,404.38,
2118,Delhi,Delhi,Industrial Area,2001.0,Summer,11.94,28.32,,233.0,
2119,Delhi,Delhi,Industrial Area,2001.0,Winter,14.09,37.01,,367.21,
2120,Delhi,Delhi,Industrial Area,2002.0,Autumn,10.84,37.46,,263.42,
2121,Delhi,Delhi,Industrial Area,2002.0,Spring,12.14,33.28,,324.45,
2122,Delhi,Delhi,Industrial Area,2002.0,Summer,9.05,28.28,,265.73,
2123,Delhi,Delhi,Industrial Area,2002.0,Winter,11.28,32.93,,321.0,
2124,Delhi,Delhi,Industrial Area,2003.0,Autumn,11.98,43.3,141.84,400.57,
2125,Delhi,Delhi,Industrial Area,2003.0,Spring,10.85,41.07,151.18,436.13,
2126,Delhi,Delhi,Industrial Area,2003.0,Summer,8.6,34.32,112.13,305.61,
2127,Delhi,Delhi,Industrial Area,2003.0,Winter,9.49,37.87,146.55,349.46,
2128,Delhi,Delhi,Industrial Area,2004.0,Autumn,,,134.8,310.18,
2129,Delhi,Delhi,Industrial Area,2004.0,Spring,,,141.49,418.5,
2130,Delhi,Delhi,Industrial Area,2004.0,Summer,,,114.7,338.67,
2131,Delhi,Delhi,Industrial Area,2004.0,Winter,,,155.27,327.04,
2132,Delhi,Delhi,Industrial Area,2011.0,Autumn,7.89,58.38,252.38,,
2133,Delhi,Delhi,Industrial Area,2011.0,Spring,6.35,65.65,253.18,,
2134,Delhi,Delhi,Industrial Area,2011.0,Summer,5.12,51.63,160.23,,
2135,Delhi,Delhi,Industrial Area,2011.0,Winter,8.42,68.6,305.76,,
2136,Delhi,Delhi,Industrial Area,2012.0,Autumn,9.3,89.04,274.09,,
2137,Delhi,Delhi,Industrial Area,2012.0,Spring,9.16,78.76,316.08,,
2138,Delhi,Delhi,Industrial Area,2012.0,Summer,7.38,59.21,158.29,,
2139,Delhi,Delhi,Industrial Area,2012.0,Winter,16.38,92.62,323.54,,
2140,Delhi,Delhi,Industrial Area,2013.0,Autumn,5.53,92.21,288.58,,
2141,Delhi,Delhi,Industrial Area,2013.0,Spring,5.42,84.17,292.83,,
2142,Delhi,Delhi,Industrial Area,2013.0,Summer,5.48,86.19,244.86,,
2143,Delhi,Delhi,Industrial Area,2013.0,Winter,4.5,90.75,355.38,,
2144,Delhi,Delhi,Industrial Area,2014.0,Autumn,3.97,75.97,296.88,,
2145,Delhi,Delhi,Industrial Area,2014.0,Spring,5.33,75.59,249.58,,
2146,Delhi,Delhi,Industrial Area,2014.0,Summer,4.58,62.63,207.59,,
2147,Delhi,Delhi,Industrial Area,2014.0,Winter,5.46,73.74,311.14,,
2148,Delhi,Delhi,Industrial Area,2015.0,Autumn,8.8,76.15,275.82,,148.08
2149,Delhi,Delhi,Industrial Area,2015.0,Spring,5.85,72.89,257.48,,77.36
2150,Delhi,Delhi,Industrial Area,2015.0,Summer,3.92,56.38,187.93,,50.67
2151,Delhi,Delhi,Industrial Area,2015.0,Winter,5.86,84.44,316.88,,137.39
2152,Delhi,Delhi,Industrial Area,2005.0,Autumn,12.08,45.97,188.29,433.96,
2153,Delhi,Delhi,Industrial Area,2005.0,Spring,11.31,45.08,173.17,392.74,
2154,Delhi,Delhi,Industrial Area,2005.0,Summer,8.86,37.67,125.3,326.12,
2155,Delhi,Delhi,Industrial Area,2005.0,Winter,11.44,46.15,202.17,405.51,
2156,Delhi,Delhi,Industrial Area,2006.0,Autumn,11.1,49.79,180.35,461.88,
2157,Delhi,Delhi,Industrial Area,2006.0,Spring,10.3,41.89,178.73,443.35,
2158,Delhi,Delhi,Industrial Area,2006.0,Summer,10.26,40.56,147.27,391.24,
2159,Delhi,Delhi,Industrial Area,2006.0,Winter,11.67,47.39,212.73,506.67,
2160,Delhi,Delhi,Industrial Area,2007.0,Autumn,8.22,59.77,236.55,498.87,
2161,Delhi,Delhi,Industrial Area,2007.0,Spring,7.74,51.39,190.55,440.21,
2162,Delhi,Delhi,Industrial Area,2007.0,Summer,4.28,37.78,130.0,347.85,
2163,Delhi,Delhi,Industrial Area,2007.0,Winter,8.28,54.38,197.29,425.65,
2164,Delhi,Delhi,Industrial Area,2008.0,Autumn,7.57,65.3,233.85,503.86,
2165,Delhi,Delhi,Industrial Area,2008.0,Spring,10.18,67.07,244.03,508.95,
2166,Delhi,Delhi,Industrial Area,2008.0,Summer,5.79,50.07,174.22,390.78,
2167,Delhi,Delhi,Industrial Area,2008.0,Winter,10.18,64.99,257.03,535.48,
2168,Delhi,Delhi,Industrial Area,2009.0,Autumn,7.8,52.73,246.48,524.55,
2169,Delhi,Delhi,Industrial Area,2009.0,Spring,6.88,49.16,237.7,540.39,
2170,Delhi,Delhi,Industrial Area,2009.0,Summer,5.1,35.97,190.12,418.24,
2171,Delhi,Delhi,Industrial Area,2009.0,Winter,8.08,53.13,270.37,532.5,
2174,Delhi,Delhi,Residential and others,2005.0,Autumn,9.05,52.52,124.76,349.53,
2175,Delhi,Delhi,Residential and others,2005.0,Spring,8.77,48.53,117.35,334.04,
2176,Delhi,Delhi,Residential and others,2005.0,Summer,8.38,48.58,116.39,341.75,
2177,Delhi,Delhi,Residential and others,2005.0,Winter,7.61,58.12,145.55,347.0,
2178,Delhi,Delhi,Residential and others,2006.0,Autumn,7.56,47.83,160.61,425.67,
2179,Delhi,Delhi,Residential and others,2006.0,Spring,9.64,43.54,147.91,375.66,
2180,Delhi,Delhi,Residential and others,2006.0,Summer,9.13,41.51,116.89,336.18,
2181,Delhi,Delhi,Residential and others,2006.0,Winter,9.11,54.85,186.08,455.11,
2182,Delhi,Delhi,Residential and others,2007.0,Autumn,6.35,55.73,192.96,410.84,
2183,Delhi,Delhi,Residential and others,2007.0,Spring,5.5,45.59,175.68,400.34,
2184,Delhi,Delhi,Residential and others,2007.0,Summer,5.04,37.85,110.13,269.87,
2185,Delhi,Delhi,Residential and others,2007.0,Winter,6.16,49.99,189.68,369.94,
2186,Delhi,Delhi,Residential and others,2008.0,Autumn,5.78,59.0,238.7,444.83,
2187,Delhi,Delhi,Residential and others,2008.0,Spring,7.02,61.68,225.53,442.4,
2188,Delhi,Delhi,Residential and others,2008.0,Summer,5.82,47.94,155.83,326.66,
2189,Delhi,Delhi,Residential and others,2008.0,Winter,6.46,56.17,225.93,433.76,
2190,Delhi,Delhi,Residential and others,2009.0,Autumn,5.8,54.7,256.89,466.23,
2191,Delhi,Delhi,Residential and others,2009.0,Spring,6.96,50.8,286.58,552.0,
2192,Delhi,Delhi,Residential and others,2009.0,Summer,5.56,44.88,201.34,399.8,
2193,Delhi,Delhi,Residential and others,2009.0,Winter,6.39,55.79,294.81,494.88,
2239,Delhi,Delhi,"Residential, Rural and other Areas",2001.0,Autumn,12.35,47.45,,429.08,
2240,Delhi,Delhi,"Residential, Rural and other Areas",2001.0,Spring,10.88,43.84,,472.4,
2241,Delhi,Delhi,"Residential, Rural and other Areas",2001.0,Summer,10.62,34.02,,238.33,
2242,Delhi,Delhi,"Residential, Rural and other Areas",2001.0,Winter,16.51,58.88,,439.92,
2243,Delhi,Delhi,"Residential, Rural and other Areas",2002.0,Autumn,10.01,43.4,,342.33,
2244,Delhi,Delhi,"Residential, Rural and other Areas",2002.0,Spring,12.21,37.6,,436.75,
2245,Delhi,Delhi,"Residential, Rural and other Areas",2002.0,Summer,9.71,33.18,,343.25,
2246,Delhi,Delhi,"Residential, Rural and other Areas",2002.0,Winter,12.26,48.92,,412.82,
2247,Delhi,Delhi,"Residential, Rural and other Areas",2003.0,Autumn,10.74,51.27,139.92,383.94,
2248,Delhi,Delhi,"Residential, Rural and other Areas",2003.0,Spring,10.56,48.03,118.86,469.45,
2249,Delhi,Delhi,"Residential, Rural and other Areas",2003.0,Summer,8.48,37.3,89.03,291.43,
2250,Delhi,Delhi,"Residential, Rural and other Areas",2003.0,Winter,8.74,46.97,116.08,359.45,
2251,Delhi,Delhi,"Residential, Rural and other Areas",2004.0,Autumn,,,127.95,301.77,
2252,Delhi,Delhi,"Residential, Rural and other Areas",2004.0,Spring,,,157.0,384.11,
2253,Delhi,Delhi,"Residential, Rural and other Areas",2004.0,Summer,,,115.96,334.81,
2254,Delhi,Delhi,"Residential, Rural and other Areas",2004.0,Winter,,,138.62,323.4,
2255,Delhi,Delhi,"Residential, Rural and other Areas",2011.0,Autumn,4.13,57.57,209.81,,
2256,Delhi,Delhi,"Residential, Rural and other Areas",2011.0,Spring,3.97,59.22,218.43,,
2257,Delhi,Delhi,"Residential, Rural and other Areas",2011.0,Summer,3.48,45.8,156.13,,
2258,Delhi,Delhi,"Residential, Rural and other Areas",2011.0,Winter,6.71,66.21,268.13,,
2259,Delhi,Delhi,"Residential, Rural and other Areas",2012.0,Autumn,4.87,91.7,219.15,,
2260,Delhi,Delhi,"Residential, Rural and other Areas",2012.0,Spring,5.35,81.68,224.81,,
2261,Delhi,Delhi,"Residential, Rural and other Areas",2012.0,Summer,4.49,67.07,212.67,,
2262,Delhi,Delhi,"Residential, Rural and other Areas",2012.0,Winter,9.32,90.2,225.95,,
2263,Delhi,Delhi,"Residential, Rural and other Areas",2013.0,Autumn,5.98,104.63,194.22,,
2264,Delhi,Delhi,"Residential, Rural and other Areas",2013.0,Spring,3.4,89.2,237.98,,
2265,Delhi,Delhi,"Residential, Rural and other Areas",2013.0,Summer,2.95,73.24,147.62,,
2266,Delhi,Delhi,"Residential, Rural and other Areas",2013.0,Winter,4.14,92.42,217.8,,
2267,Delhi,Delhi,"Residential, Rural and other Areas",2014.0,Autumn,5.07,60.36,210.29,,
2268,Delhi,Delhi,"Residential, Rural and other Areas",2014.0,Spring,6.0,61.61,167.06,,
2269,Delhi,Delhi,"Residential, Rural and other Areas",2014.0,Summer,4.35,51.34,162.88,,
2270,Delhi,Delhi,"Residential, Rural and other Areas",2014.0,Winter,5.58,61.8,226.64,,
2271,Delhi,Delhi,"Residential, Rural and other Areas",2015.0,Autumn,7.59,70.63,223.01,,116.64
2272,Delhi,Delhi,"Residential, Rural and other Areas",2015.0,Spring,4.89,67.28,181.66,,76.69
2273,Delhi,Delhi,"Residential, Rural and other Areas",2015.0,Summer,4.43,49.74,148.57,,79.64
2274,Delhi,Delhi,"Residential, Rural and other Areas",2015.0,Winter,4.76,72.92,245.9,,104.66
2594,Gujarat,Ahmedabad,Industrial Area,2001.0,Autumn,9.03,38.33,,298.67,
2595,Gujarat,Ahmedabad,Industrial Area,2001.0,Spring,11.5,50.93,,467.33,
2596,Gujarat,Ahmedabad,Industrial Area,2001.0,Summer,15.0,39.5,,387.0,
2597,Gujarat,Ahmedabad,Industrial Area,2001.0,Winter,9.1,57.83,,371.33,
2598,Gujarat,Ahmedabad,Industrial Area,2002.0,Autumn,13.88,37.38,,325.0,
2599,Gujarat,Ahmedabad,Industrial Area,2002.0,Spring,10.23,44.9,,235.67,
2600,Gujarat,Ahmedabad,Industrial Area,2002.0,Summer,13.7,32.2,,219.5,
2601,Gujarat,Ahmedabad,Industrial Area,2002.0,Winter,12.85,45.68,,323.75,
2602,Gujarat,Ahmedabad,Industrial Area,2004.0,Autumn,17.62,25.72,174.13,255.06,
2603,Gujarat,Ahmedabad,Industrial Area,2004.0,Spring,15.9,24.55,147.56,245.63,
2604,Gujarat,Ahmedabad,Industrial Area,2004.0,Summer,15.79,23.92,146.87,242.42,
2605,Gujarat,Ahmedabad,Industrial Area,2004.0,Winter,16.69,25.26,173.37,275.99,
2606,Gujarat,Ahmedabad,Industrial Area,2010.0,Autumn,16.8,22.71,97.25,,
2607,Gujarat,Ahmedabad,Industrial Area,2010.0,Spring,17.83,23.21,137.32,,
2608,Gujarat,Ahmedabad,Industrial Area,2010.0,Summer,16.46,22.13,110.54,,
2609,Gujarat,Ahmedabad,Industrial Area,2010.0,Winter,17.14,23.67,117.63,,
2610,Gujarat,Ahmedabad,Industrial Area,2011.0,Autumn,13.47,26.92,82.96,,
2611,Gujarat,Ahmedabad,Industrial Area,2011.0,Spring,17.49,31.65,96.84,,
2612,Gujarat,Ahmedabad,Industrial Area,2011.0,Summer,15.32,30.38,94.02,,
2613,Gujarat,Ahmedabad,Industrial Area,2011.0,Winter,15.76,28.04,87.2,,
2614,Gujarat,Ahmedabad,Industrial Area,2012.0,Autumn,13.75,26.75,88.75,,
2615,Gujarat,Ahmedabad,Industrial Area,2012.0,Spring,13.81,25.94,102.33,,
2616,Gujarat,Ahmedabad,Industrial Area,2012.0,Summer,13.83,28.17,92.33,,
2617,Gujarat,Ahmedabad,Industrial Area,2012.0,Winter,14.78,28.66,85.69,,
2618,Gujarat,Ahmedabad,Industrial Area,2013.0,Autumn,13.64,16.77,75.27,25.09,
2619,Gujarat,Ahmedabad,Industrial Area,2013.0,Spring,13.22,20.56,95.61,35.06,
2620,Gujarat,Ahmedabad,Industrial Area,2013.0,Summer,11.59,16.04,71.78,24.3,
2621,Gujarat,Ahmedabad,Industrial Area,2013.0,Winter,11.06,16.88,74.0,28.06,
2622,Gujarat,Ahmedabad,Industrial Area,2014.0,Autumn,13.32,19.95,85.33,,30.86
2623,Gujarat,Ahmedabad,Industrial Area,2014.0,Spring,14.48,19.18,87.22,,29.87
2624,Gujarat,Ahmedabad,Industrial Area,2014.0,Summer,13.21,20.46,87.52,,32.16
2625,Gujarat,Ahmedabad,Industrial Area,2014.0,Winter,14.31,19.02,80.68,,25.75
2626,Gujarat,Ahmedabad,Industrial Area,2015.0,Spring,13.69,19.94,86.5,,32.12
2627,Gujarat,Ahmedabad,Industrial Area,2015.0,Winter,13.21,21.0,88.79,,27.63
2628,Gujarat,Ahmedabad,Industrial Area,2005.0,Autumn,13.05,27.3,111.46,264.01,
2629,Gujarat,Ahmedabad,Industrial Area,2005.0,Spring,15.81,29.67,177.98,426.88,
2630,Gujarat,Ahmedabad,Industrial Area,2005.0,Summer,13.24,27.43,121.79,294.68,
2631,Gujarat,Ahmedabad,Industrial Area,2005.0,Winter,14.95,28.6,144.9,333.23,
2632,Gujarat,Ahmedabad,Industrial Area,2006.0,Autumn,11.92,24.13,119.17,266.17,
2633,Gujarat,Ahmedabad,Industrial Area,2006.0,Spring,11.86,24.33,125.33,281.7,
2634,Gujarat,Ahmedabad,Industrial Area,2006.0,Summer,11.13,22.44,103.96,235.78,
2635,Gujarat,Ahmedabad,Industrial Area,2006.0,Winter,12.36,26.36,115.41,258.94,
2636,Gujarat,Ahmedabad,Industrial Area,2007.0,Autumn,15.28,25.77,116.03,274.12,
2637,Gujarat,Ahmedabad,Industrial Area,2007.0,Spring,13.65,24.66,110.57,255.75,
2638,Gujarat,Ahmedabad,Industrial Area,2007.0,Summer,14.78,24.89,111.64,256.06,
2639,Gujarat,Ahmedabad,Industrial Area,2007.0,Winter,14.76,28.58,115.29,263.62,
2640,Gujarat,Ahmedabad,Industrial Area,2008.0,Autumn,12.98,19.58,101.93,258.88,
2641,Gujarat,Ahmedabad,Industrial Area,2008.0,Spring,12.51,20.84,102.54,266.46,
2642,Gujarat,Ahmedabad,Industrial Area,2008.0,Summer,13.47,21.06,105.13,279.58,
2643,Gujarat,Ahmedabad,Industrial Area,2008.0,Winter,12.09,20.7,101.91,253.7,
2644,Gujarat,Ahmedabad,Industrial Area,2009.0,Autumn,16.92,22.63,108.71,240.67,
2645,Gujarat,Ahmedabad,Industrial Area,2009.0,Spring,15.54,20.84,110.53,245.45,
2646,Gujarat,Ahmedabad,Industrial Area,2009.0,Summer,16.65,23.0,114.49,257.55,
2647,Gujarat,Ahmedabad,Industrial Area,2009.0,Winter,14.4,19.39,101.5,223.75,
2648,Gujarat,Ahmedabad,RIRUO,2015.0,Spring,14.0,20.62,96.19,,35.12
2649,Gujarat,Ahmedabad,RIRUO,2015.0,Winter,13.21,21.79,91.58,,31.13
2650,Gujarat,Ahmedabad,Residential and others,2005.0,Autumn,11.32,23.96,81.55,192.48,
2651,Gujarat,Ahmedabad,Residential and others,2005.0,Spring,11.88,21.65,110.9,260.07,
2652,Gujarat,Ahmedabad,Residential and others,2005.0,Summer,11.21,23.4,74.46,179.54,
2653,Gujarat,Ahmedabad,Residential and others,2005.0,Winter,12.18,23.46,113.69,264.24,
2654,Gujarat,Ahmedabad,Residential and others,2006.0,Autumn,9.48,20.02,84.08,189.39,
2655,Gujarat,Ahmedabad,Residential and others,2006.0,Spring,9.55,21.01,98.89,224.11,
2656,Gujarat,Ahmedabad,Residential and others,2006.0,Summer,8.85,18.79,73.36,165.16,
2657,Gujarat,Ahmedabad,Residential and others,2006.0,Winter,9.46,20.21,73.06,162.81,
2658,Gujarat,Ahmedabad,Residential and others,2007.0,Autumn,10.43,17.59,77.95,178.65,
2659,Gujarat,Ahmedabad,Residential and others,2007.0,Spring,9.71,17.25,74.6,167.44,
2660,Gujarat,Ahmedabad,Residential and others,2007.0,Summer,11.01,17.17,78.44,177.75,
2661,Gujarat,Ahmedabad,Residential and others,2007.0,Winter,11.0,20.61,75.54,172.2,
2662,Gujarat,Ahmedabad,Residential and others,2008.0,Autumn,12.44,18.93,81.49,195.43,
2663,Gujarat,Ahmedabad,Residential and others,2008.0,Spring,12.14,19.99,79.83,193.71,
2664,Gujarat,Ahmedabad,Residential and others,2008.0,Summer,12.95,20.13,77.02,190.9,
2665,Gujarat,Ahmedabad,Residential and others,2008.0,Winter,11.53,18.63,78.85,189.18,
2666,Gujarat,Ahmedabad,Residential and others,2009.0,Autumn,16.67,21.62,88.75,197.12,
2667,Gujarat,Ahmedabad,Residential and others,2009.0,Spring,15.65,20.09,88.5,197.62,
2668,Gujarat,Ahmedabad,Residential and others,2009.0,Summer,16.22,21.72,88.71,199.03,
2669,Gujarat,Ahmedabad,Residential and others,2009.0,Winter,14.48,18.83,82.9,184.53,
2718,Gujarat,Ahmedabad,"Residential, Rural and other Areas",2001.0,Autumn,8.25,31.98,,322.33,
2719,Gujarat,Ahmedabad,"Residential, Rural and other Areas",2001.0,Spring,10.5,39.23,,435.83,
2720,Gujarat,Ahmedabad,"Residential, Rural and other Areas",2001.0,Summer,12.95,32.7,,285.83,
2721,Gujarat,Ahmedabad,"Residential, Rural and other Areas",2001.0,Winter,7.75,39.02,,345.0,
2722,Gujarat,Ahmedabad,"Residential, Rural and other Areas",2002.0,Autumn,10.07,29.41,,240.42,
2723,Gujarat,Ahmedabad,"Residential, Rural and other Areas",2002.0,Spring,8.6,39.08,,205.0,
2724,Gujarat,Ahmedabad,"Residential, Rural and other Areas",2002.0,Summer,9.5,23.34,,156.0,
2725,Gujarat,Ahmedabad,"Residential, Rural and other Areas",2002.0,Winter,10.75,38.76,,240.12,
2726,Gujarat,Ahmedabad,"Residential, Rural and other Areas",2010.0,Autumn,14.4,19.68,80.34,,
2727,Gujarat,Ahmedabad,"Residential, Rural and other Areas",2010.0,Spring,15.33,20.06,92.7,,
2728,Gujarat,Ahmedabad,"Residential, Rural and other Areas",2010.0,Summer,14.29,19.29,81.53,,
2729,Gujarat,Ahmedabad,"Residential, Rural and other Areas",2010.0,Winter,14.73,19.59,81.34,,
2730,Gujarat,Ahmedabad,"Residential, Rural and other Areas",2011.0,Autumn,11.64,23.35,69.29,,
2731,Gujarat,Ahmedabad,"Residential, Rural and other Areas",2011.0,Spring,12.84,23.83,77.18,,
2732,Gujarat,Ahmedabad,"Residential, Rural and other Areas",2011.0,Summer,12.11,23.64,74.04,,
2733,Gujarat,Ahmedabad,"Residential, Rural and other Areas",2011.0,Winter,12.49,21.94,73.1,,
2734,Gujarat,Ahmedabad,"Residential, Rural and other Areas",2012.0,Autumn,10.57,21.21,78.64,,
2735,Gujarat,Ahmedabad,"Residential, Rural and other Areas",2012.0,Spring,11.12,21.44,79.96,,
2736,Gujarat,Ahmedabad,"Residential, Rural and other Areas",2012.0,Summer,10.85,22.08,74.15,,
2737,Gujarat,Ahmedabad,"Residential, Rural and other Areas",2012.0,Winter,10.82,22.18,69.75,,
2738,Gujarat,Ahmedabad,"Residential, Rural and other Areas",2013.0,Autumn,13.49,16.91,76.74,25.58,
2739,Gujarat,Ahmedabad,"Residential, Rural and other Areas",2013.0,Spring,12.73,18.87,85.88,28.54,
2740,Gujarat,Ahmedabad,"Residential, Rural and other Areas",2013.0,Summer,10.8,15.14,72.56,22.18,
2741,Gujarat,Ahmedabad,"Residential, Rural and other Areas",2013.0,Winter,11.6,16.4,75.43,26.06,
2742,Gujarat,Ahmedabad,"Residential, Rural and other Areas",2014.0,Autumn,13.26,19.48,81.11,,27.48
2743,Gujarat,Ahmedabad,"Residential, Rural and other Areas",2014.0,Spring,13.38,19.81,86.47,,30.77
2744,Gujarat,Ahmedabad,"Residential, Rural and other Areas",2014.0,Summer,12.53,20.03,84.14,,29.62
2745,Gujarat,Ahmedabad,"Residential, Rural and other Areas",2014.0,Winter,13.83,19.53,80.94,,27.22
2746,Gujarat,Ahmedabad,"Residential, Rural and other Areas",2015.0,Spring,13.38,19.88,84.84,,30.56
2747,Gujarat,Ahmedabad,"Residential, Rural and other Areas",2015.0,Winter,12.98,20.93,89.29,,25.56
2983,Gujarat,Jamnagar,Residential and others,2005.0,Autumn,9.4,22.24,129.69,234.62,
2984,Gujarat,Jamnagar,Residential and others,2005.0,Spring,8.66,22.11,128.5,231.46,
2985,Gujarat,Jamnagar,Residential and others,2005.0,Summer,9.12,20.49,122.15,220.46,
2986,Gujarat,Jamnagar,Residential and others,2005.0,Winter,11.39,23.23,136.11,246.11,
2987,Gujarat,Jamnagar,Residential and others,2006.0,Autumn,13.72,24.99,86.92,158.84,
2988,Gujarat,Jamnagar,Residential and others,2006.0,Spring,9.46,21.8,117.5,210.45,
2989,Gujarat,Jamnagar,Residential and others,2006.0,Summer,9.36,21.02,78.36,141.72,
2990,Gujarat,Jamnagar,Residential and others,2006.0,Winter,12.92,27.21,99.5,168.58,
2991,Gujarat,Jamnagar,Residential and others,2007.0,Autumn,11.39,28.16,108.31,203.0,
2992,Gujarat,Jamnagar,Residential and others,2007.0,Spring,12.92,26.5,107.65,199.38,
2993,Gujarat,Jamnagar,Residential and others,2007.0,Summer,11.22,26.97,98.58,181.31,
2994,Gujarat,Jamnagar,Residential and others,2007.0,Winter,13.71,27.34,95.5,171.12,
2995,Gujarat,Jamnagar,Residential and others,2008.0,Autumn,10.65,28.02,91.97,171.69,
2996,Gujarat,Jamnagar,Residential and others,2008.0,Spring,9.81,26.4,100.15,183.38,
2997,Gujarat,Jamnagar,Residential and others,2008.0,Summer,9.03,25.4,92.35,171.04,
2998,Gujarat,Jamnagar,Residential and others,2008.0,Winter,9.45,25.75,93.87,173.0,
2999,Gujarat,Jamnagar,Residential and others,2009.0,Autumn,14.98,29.45,110.17,204.08,
3000,Gujarat,Jamnagar,Residential and others,2009.0,Spring,13.58,27.63,106.73,196.77,
3001,Gujarat,Jamnagar,Residential and others,2009.0,Summer,13.57,26.92,106.04,192.36,
3002,Gujarat,Jamnagar,Residential and others,2009.0,Winter,12.21,25.88,100.41,180.23,
3003,Gujarat,Jamnagar,"Residential, Rural and other Areas",2002.0,Autumn,11.97,30.23,,385.33,
3004,Gujarat,Jamnagar,"Residential, Rural and other Areas",2002.0,Summer,18.2,18.9,,169.0,
3005,Gujarat,Jamnagar,"Residential, Rural and other Areas",2002.0,Winter,10.2,25.3,,351.0,
3006,Gujarat,Jamnagar,"Residential, Rural and other Areas",2004.0,Autumn,9.67,20.68,132.26,15.18,
3007,Gujarat,Jamnagar,"Residential, Rural and other Areas",2004.0,Spring,9.61,22.47,123.9,16.03,
3008,Gujarat,Jamnagar,"Residential, Rural and other Areas",2004.0,Summer,9.77,21.88,130.78,15.88,
3009,Gujarat,Jamnagar,"Residential, Rural and other Areas",2004.0,Winter,10.18,22.44,130.99,16.32,
3010,Gujarat,Jamnagar,"Residential, Rural and other Areas",2010.0,Autumn,11.7,25.52,103.57,,
3011,Gujarat,Jamnagar,"Residential, Rural and other Areas",2010.0,Spring,13.1,27.59,106.52,,
3012,Gujarat,Jamnagar,"Residential, Rural and other Areas",2010.0,Summer,12.35,27.23,103.88,,
3013,Gujarat,Jamnagar,"Residential, Rural and other Areas",2010.0,Winter,12.62,27.15,101.85,,
3014,Gujarat,Jamnagar,"Residential, Rural and other Areas",2011.0,Autumn,12.74,26.44,112.0,,
3015,Gujarat,Jamnagar,"Residential, Rural and other Areas",2011.0,Spring,11.58,25.23,104.08,,
3016,Gujarat,Jamnagar,"Residential, Rural and other Areas",2011.0,Summer,11.31,23.92,99.58,,
3017,Gujarat,Jamnagar,"Residential, Rural and other Areas",2011.0,Winter,11.32,24.2,100.24,,
3018,Gujarat,Jamnagar,"Residential, Rural and other Areas",2012.0,Autumn,12.0,27.0,106.0,,
3019,Gujarat,Jamnagar,"Residential, Rural and other Areas",2012.0,Spring,12.12,25.29,100.33,,
3020,Gujarat,Jamnagar,"Residential, Rural and other Areas",2012.0,Summer,11.5,25.0,103.5,,
3021,Gujarat,Jamnagar,"Residential, Rural and other Areas",2012.0,Winter,11.12,23.76,100.53,,
3022,Gujarat,Jamnagar,"Residential, Rural and other Areas",2013.0,Autumn,12.4,19.95,72.5,25.6,
3023,Gujarat,Jamnagar,"Residential, Rural and other Areas",2013.0,Spring,11.45,19.45,115.8,32.6,
3024,Gujarat,Jamnagar,"Residential, Rural and other Areas",2013.0,Summer,11.39,18.3,76.0,24.0,
3025,Gujarat,Jamnagar,"Residential, Rural and other Areas",2013.0,Winter,12.07,18.71,103.36,28.93,
3026,Gujarat,Jamnagar,"Residential, Rural and other Areas",2014.0,Autumn,14.42,20.5,86.38,,34.0
3027,Gujarat,Jamnagar,"Residential, Rural and other Areas",2014.0,Spring,16.25,21.95,86.86,,32.14
3028,Gujarat,Jamnagar,"Residential, Rural and other Areas",2014.0,Summer,13.63,20.57,89.38,,35.9
3029,Gujarat,Jamnagar,"Residential, Rural and other Areas",2014.0,Winter,15.13,18.62,76.38,,27.31
3030,Gujarat,Jamnagar,"Residential, Rural and other Areas",2015.0,Spring,13.25,20.5,84.25,,29.75
3031,Gujarat,Jamnagar,"Residential, Rural and other Areas",2015.0,Winter,12.81,19.56,84.62,,28.5
3051,Gujarat,Rajkot,Industrial Area,2002.0,Autumn,14.8,33.5,,382.5,
3052,Gujarat,Rajkot,Industrial Area,2002.0,Summer,12.7,20.9,,474.0,
3053,Gujarat,Rajkot,Industrial Area,2002.0,Winter,11.8,30.4,,388.0,
3054,Gujarat,Rajkot,Industrial Area,2004.0,Autumn,11.62,24.92,226.05,354.12,
3055,Gujarat,Rajkot,Industrial Area,2004.0,Spring,12.28,25.64,216.29,333.4,
3056,Gujarat,Rajkot,Industrial Area,2004.0,Summer,11.93,24.93,211.99,348.44,
3057,Gujarat,Rajkot,Industrial Area,2004.0,Winter,11.74,25.3,224.95,354.44,
3058,Gujarat,Rajkot,Industrial Area,2010.0,Autumn,13.55,18.41,108.18,,
3059,Gujarat,Rajkot,Industrial Area,2010.0,Spring,13.39,18.04,119.21,,
3060,Gujarat,Rajkot,Industrial Area,2010.0,Summer,13.9,18.45,108.24,,
3061,Gujarat,Rajkot,Industrial Area,2010.0,Winter,12.88,17.72,124.2,,
3062,Gujarat,Rajkot,Industrial Area,2011.0,Autumn,15.11,20.11,127.64,,
3063,Gujarat,Rajkot,Industrial Area,2011.0,Spring,14.08,20.38,124.77,,
3064,Gujarat,Rajkot,Industrial Area,2011.0,Summer,13.88,18.92,114.23,,
3065,Gujarat,Rajkot,Industrial Area,2011.0,Winter,14.21,19.29,120.33,,
3066,Gujarat,Rajkot,Industrial Area,2012.0,Autumn,14.0,19.0,119.5,,
3067,Gujarat,Rajkot,Industrial Area,2012.0,Spring,13.75,18.6,118.55,,
3068,Gujarat,Rajkot,Industrial Area,2012.0,Summer,13.67,19.33,118.0,,
3069,Gujarat,Rajkot,Industrial Area,2012.0,Winter,13.47,18.41,117.82,,
3070,Gujarat,Rajkot,Industrial Area,2013.0,Autumn,13.14,15.43,92.95,28.9,
3071,Gujarat,Rajkot,Industrial Area,2013.0,Spring,12.58,18.95,108.58,39.37,
3072,Gujarat,Rajkot,Industrial Area,2013.0,Summer,10.36,16.59,101.41,25.05,
3073,Gujarat,Rajkot,Industrial Area,2013.0,Winter,12.13,18.53,109.13,35.2,
3074,Gujarat,Rajkot,Industrial Area,2014.0,Autumn,13.71,19.14,84.57,,33.29
3075,Gujarat,Rajkot,Industrial Area,2014.0,Spring,13.75,20.25,83.12,,32.04
3076,Gujarat,Rajkot,Industrial Area,2014.0,Summer,13.35,19.95,90.1,,33.35
3077,Gujarat,Rajkot,Industrial Area,2014.0,Winter,13.47,17.27,79.4,,28.53
3078,Gujarat,Rajkot,Industrial Area,2015.0,Spring,13.62,20.62,88.75,,33.62
3079,Gujarat,Rajkot,Industrial Area,2015.0,Winter,13.25,19.69,85.38,,32.06
3080,Gujarat,Rajkot,Industrial Area,2005.0,Autumn,10.16,24.55,192.36,325.48,
3081,Gujarat,Rajkot,Industrial Area,2005.0,Spring,10.57,24.94,217.38,343.12,
3082,Gujarat,Rajkot,Industrial Area,2005.0,Summer,10.19,23.94,206.41,338.5,
3083,Gujarat,Rajkot,Industrial Area,2005.0,Winter,12.01,23.92,200.55,323.0,
3084,Gujarat,Rajkot,Industrial Area,2006.0,Autumn,14.08,22.73,193.04,322.48,
3085,Gujarat,Rajkot,Industrial Area,2006.0,Spring,10.54,23.84,187.91,318.73,
3086,Gujarat,Rajkot,Industrial Area,2006.0,Summer,10.48,19.75,155.0,252.12,
3087,Gujarat,Rajkot,Industrial Area,2006.0,Winter,13.07,21.89,161.33,268.75,
3088,Gujarat,Rajkot,Industrial Area,2007.0,Autumn,12.34,17.39,127.19,229.35,
3089,Gujarat,Rajkot,Industrial Area,2007.0,Spring,13.24,19.09,125.56,226.48,
3090,Gujarat,Rajkot,Industrial Area,2007.0,Summer,11.98,16.96,123.88,226.62,
3091,Gujarat,Rajkot,Industrial Area,2007.0,Winter,14.73,20.42,113.77,195.12,
3092,Gujarat,Rajkot,Industrial Area,2008.0,Autumn,12.88,15.62,122.69,226.45,
3093,Gujarat,Rajkot,Industrial Area,2008.0,Spring,10.85,14.95,127.08,227.08,
3094,Gujarat,Rajkot,Industrial Area,2008.0,Summer,10.47,14.47,116.88,211.15,
3095,Gujarat,Rajkot,Industrial Area,2008.0,Winter,11.01,15.24,112.7,205.65,
3096,Gujarat,Rajkot,Industrial Area,2009.0,Autumn,12.49,17.15,130.71,234.79,
3097,Gujarat,Rajkot,Industrial Area,2009.0,Spring,12.01,16.41,123.04,224.27,
3098,Gujarat,Rajkot,Industrial Area,2009.0,Summer,12.53,17.45,129.12,236.64,
3099,Gujarat,Rajkot,Industrial Area,2009.0,Winter,11.39,15.64,113.36,205.68,
3100,Gujarat,Rajkot,Residential and others,2005.0,Autumn,9.01,12.49,91.65,167.24,
3101,Gujarat,Rajkot,Residential and others,2005.0,Spring,10.35,12.0,85.25,138.5,
3102,Gujarat,Rajkot,Residential and others,2005.0,Summer,9.19,13.81,110.4,180.1,
3103,Gujarat,Rajkot,Residential and others,2005.0,Winter,14.58,14.8,90.2,151.2,
3104,Gujarat,Rajkot,Residential and others,2006.0,Autumn,13.52,17.49,52.83,96.75,
3105,Gujarat,Rajkot,Residential and others,2006.0,Spring,9.32,12.0,69.05,116.14,
3106,Gujarat,Rajkot,Residential and others,2006.0,Summer,9.43,12.03,53.26,85.0,
3107,Gujarat,Rajkot,Residential and others,2006.0,Winter,12.26,16.5,54.62,94.81,
3108,Gujarat,Rajkot,Residential and others,2007.0,Autumn,11.84,17.27,85.91,162.7,
3109,Gujarat,Rajkot,Residential and others,2007.0,Spring,11.95,17.19,73.88,137.04,
3110,Gujarat,Rajkot,Residential and others,2007.0,Summer,11.08,15.6,78.73,150.27,
3111,Gujarat,Rajkot,Residential and others,2007.0,Winter,12.75,17.66,67.21,122.58,
3112,Gujarat,Rajkot,Residential and others,2008.0,Autumn,10.04,13.95,89.57,167.75,
3113,Gujarat,Rajkot,Residential and others,2008.0,Spring,9.69,13.48,91.67,169.5,
3114,Gujarat,Rajkot,Residential and others,2008.0,Summer,9.15,12.71,88.92,163.38,
3115,Gujarat,Rajkot,Residential and others,2008.0,Winter,9.8,13.58,86.92,157.31,
3116,Gujarat,Rajkot,Residential and others,2009.0,Autumn,11.64,15.09,88.54,165.46,
3117,Gujarat,Rajkot,Residential and others,2009.0,Spring,10.19,13.93,87.67,158.52,
3118,Gujarat,Rajkot,Residential and others,2009.0,Summer,9.97,13.9,83.27,153.5,
3119,Gujarat,Rajkot,Residential and others,2009.0,Winter,9.37,13.0,76.6,140.67,
3120,Gujarat,Rajkot,"Residential, Rural and other Areas",2010.0,Autumn,12.04,16.17,76.26,,
3121,Gujarat,Rajkot,"Residential, Rural and other Areas",2010.0,Spring,12.61,16.25,82.61,,
3122,Gujarat,Rajkot,"Residential, Rural and other Areas",2010.0,Summer,12.21,15.83,74.41,,
3123,Gujarat,Rajkot,"Residential, Rural and other Areas",2010.0,Winter,10.88,14.67,69.83,,
3124,Gujarat,Rajkot,"Residential, Rural and other Areas",2011.0,Autumn,13.21,16.68,80.86,,
3125,Gujarat,Rajkot,"Residential, Rural and other Areas",2011.0,Spring,11.96,15.84,74.4,,
3126,Gujarat,Rajkot,"Residential, Rural and other Areas",2011.0,Summer,11.92,16.0,75.58,,
3127,Gujarat,Rajkot,"Residential, Rural and other Areas",2011.0,Winter,12.32,15.96,65.44,,
3128,Gujarat,Rajkot,"Residential, Rural and other Areas",2013.0,Autumn,11.14,15.09,63.41,24.5,
3129,Gujarat,Rajkot,"Residential, Rural and other Areas",2013.0,Spring,12.32,19.16,84.37,29.74,
3130,Gujarat,Rajkot,"Residential, Rural and other Areas",2013.0,Summer,9.82,14.64,65.59,19.68,
3131,Gujarat,Rajkot,"Residential, Rural and other Areas",2013.0,Winter,12.36,17.36,81.14,25.64,
3132,Gujarat,Rajkot,"Residential, Rural and other Areas",2014.0,Autumn,12.0,17.33,74.33,,26.5
3133,Gujarat,Rajkot,"Residential, Rural and other Areas",2014.0,Spring,13.6,19.8,80.05,,27.95
3134,Gujarat,Rajkot,"Residential, Rural and other Areas",2014.0,Summer,11.37,18.0,80.16,,28.63
3135,Gujarat,Rajkot,"Residential, Rural and other Areas",2014.0,Winter,11.67,16.67,77.83,,26.67
3136,Gujarat,Rajkot,"Residential, Rural and other Areas",2015.0,Spring,13.12,20.12,82.75,,29.12
3137,Gujarat,Rajkot,"Residential, Rural and other Areas",2015.0,Winter,12.5,18.5,78.5,,27.88
3184,Gujarat,Surat,Industrial Area,2002.0,Autumn,34.0,32.27,,225.33,
3185,Gujarat,Surat,Industrial Area,2002.0,Summer,33.5,30.4,,218.0,
3186,Gujarat,Surat,Industrial Area,2002.0,Winter,32.8,24.6,,203.0,
3187,Gujarat,Surat,Industrial Area,2004.0,Autumn,24.5,33.5,133.74,174.54,
3188,Gujarat,Surat,Industrial Area,2004.0,Spring,25.64,33.82,134.8,167.82,
3189,Gujarat,Surat,Industrial Area,2004.0,Summer,24.19,33.89,129.19,161.85,
3190,Gujarat,Surat,Industrial Area,2004.0,Winter,24.13,33.13,136.22,174.77,
3191,Gujarat,Surat,Industrial Area,2010.0,Autumn,18.88,25.08,80.19,,
3192,Gujarat,Surat,Industrial Area,2010.0,Spring,22.04,28.23,86.96,,
3193,Gujarat,Surat,Industrial Area,2010.0,Summer,19.85,25.65,81.69,,
3194,Gujarat,Surat,Industrial Area,2010.0,Winter,21.38,26.77,83.27,,
3195,Gujarat,Surat,Industrial Area,2011.0,Autumn,20.15,28.81,100.77,,
3196,Gujarat,Surat,Industrial Area,2011.0,Spring,22.3,30.81,113.37,,
3197,Gujarat,Surat,Industrial Area,2011.0,Summer,19.04,27.85,96.33,,
3198,Gujarat,Surat,Industrial Area,2011.0,Winter,20.25,28.58,103.25,,
3199,Gujarat,Surat,Industrial Area,2012.0,Autumn,21.0,30.25,117.0,,
3200,Gujarat,Surat,Industrial Area,2012.0,Spring,22.85,32.25,117.75,,
3201,Gujarat,Surat,Industrial Area,2012.0,Summer,22.33,31.0,116.0,,
3202,Gujarat,Surat,Industrial Area,2012.0,Winter,21.82,31.18,108.59,,
3203,Gujarat,Surat,Industrial Area,2013.0,Autumn,15.2,21.28,106.2,30.58,
3204,Gujarat,Surat,Industrial Area,2013.0,Spring,17.0,23.7,113.09,37.04,
3205,Gujarat,Surat,Industrial Area,2013.0,Summer,15.0,20.92,88.32,25.62,
3206,Gujarat,Surat,Industrial Area,2013.0,Winter,16.16,23.26,109.37,32.92,
3207,Gujarat,Surat,Industrial Area,2014.0,Autumn,14.71,19.71,88.71,,31.71
3208,Gujarat,Surat,Industrial Area,2014.0,Spring,15.39,21.04,84.96,,32.43
3209,Gujarat,Surat,Industrial Area,2014.0,Summer,14.78,21.22,96.35,,32.83
3210,Gujarat,Surat,Industrial Area,2014.0,Winter,14.93,17.0,91.73,,26.6
3211,Gujarat,Surat,Industrial Area,2015.0,Spring,14.38,21.0,93.5,,32.75
3212,Gujarat,Surat,Industrial Area,2015.0,Winter,14.19,20.44,95.12,,32.19
3213,Gujarat,Surat,Industrial Area,2005.0,Autumn,22.08,28.22,131.46,195.19,
3214,Gujarat,Surat,Industrial Area,2005.0,Spring,22.17,27.15,134.77,200.45,
3215,Gujarat,Surat,Industrial Area,2005.0,Summer,21.22,27.1,132.0,194.92,
3216,Gujarat,Surat,Industrial Area,2005.0,Winter,23.0,31.07,131.43,198.24,
3217,Gujarat,Surat,Industrial Area,2006.0,Autumn,26.92,34.57,128.65,177.43,
3218,Gujarat,Surat,Industrial Area,2006.0,Spring,24.61,31.24,130.93,183.0,
3219,Gujarat,Surat,Industrial Area,2006.0,Summer,25.16,32.28,127.38,175.0,
3220,Gujarat,Surat,Industrial Area,2006.0,Winter,26.34,33.48,122.62,166.69,
3221,Gujarat,Surat,Industrial Area,2007.0,Autumn,20.19,27.01,99.36,196.0,
3222,Gujarat,Surat,Industrial Area,2007.0,Spring,29.35,35.68,110.88,231.15,
3223,Gujarat,Surat,Industrial Area,2007.0,Summer,21.57,27.44,99.82,206.36,
3224,Gujarat,Surat,Industrial Area,2007.0,Winter,25.94,32.33,107.68,201.0,
3225,Gujarat,Surat,Industrial Area,2008.0,Autumn,19.01,24.85,93.85,182.63,
3226,Gujarat,Surat,Industrial Area,2008.0,Spring,21.71,28.72,104.0,209.12,
3227,Gujarat,Surat,Industrial Area,2008.0,Summer,20.11,25.61,98.92,194.33,
3228,Gujarat,Surat,Industrial Area,2008.0,Winter,22.01,27.69,103.11,206.33,
3229,Gujarat,Surat,Industrial Area,2009.0,Autumn,24.46,31.2,102.71,205.62,
3230,Gujarat,Surat,Industrial Area,2009.0,Spring,23.43,29.22,104.08,209.65,
3231,Gujarat,Surat,Industrial Area,2009.0,Summer,22.58,28.24,99.24,199.24,
3232,Gujarat,Surat,Industrial Area,2009.0,Winter,23.22,29.06,101.9,204.4,
3235,Gujarat,Surat,Residential and others,2005.0,Autumn,19.24,24.52,124.19,181.48,
3236,Gujarat,Surat,Residential and others,2005.0,Spring,19.53,24.1,123.6,181.62,
3237,Gujarat,Surat,Residential and others,2005.0,Summer,19.26,24.13,124.76,183.65,
3238,Gujarat,Surat,Residential and others,2005.0,Winter,20.62,27.09,122.37,181.13,
3239,Gujarat,Surat,Residential and others,2006.0,Autumn,23.96,31.58,120.35,165.04,
3240,Gujarat,Surat,Residential and others,2006.0,Spring,21.49,27.84,125.98,175.09,
3241,Gujarat,Surat,Residential and others,2006.0,Summer,21.12,27.75,119.22,163.06,
3242,Gujarat,Surat,Residential and others,2006.0,Winter,23.38,30.38,118.0,161.54,
3243,Gujarat,Surat,Residential and others,2007.0,Autumn,15.17,24.04,79.19,158.23,
3244,Gujarat,Surat,Residential and others,2007.0,Spring,18.79,26.98,90.55,185.14,
3245,Gujarat,Surat,Residential and others,2007.0,Summer,15.45,24.68,81.2,163.84,
3246,Gujarat,Surat,Residential and others,2007.0,Winter,19.65,27.7,93.22,171.61,
3247,Gujarat,Surat,Residential and others,2008.0,Autumn,14.75,22.04,76.07,149.52,
3248,Gujarat,Surat,Residential and others,2008.0,Spring,16.3,23.94,83.43,167.35,
3249,Gujarat,Surat,Residential and others,2008.0,Summer,15.39,22.34,78.71,155.69,
3250,Gujarat,Surat,Residential and others,2008.0,Winter,15.97,23.72,84.42,169.19,
3251,Gujarat,Surat,Residential and others,2009.0,Autumn,17.56,25.7,87.39,175.45,
3252,Gujarat,Surat,Residential and others,2009.0,Spring,16.06,24.22,88.75,179.26,
3253,Gujarat,Surat,Residential and others,2009.0,Summer,16.18,24.6,80.49,161.96,
3254,Gujarat,Surat,Residential and others,2009.0,Winter,15.18,23.59,85.51,171.21,
3294,Gujarat,Surat,"Residential, Rural and other Areas",2002.0,Autumn,12.88,25.38,,226.17,
3295,Gujarat,Surat,"Residential, Rural and other Areas",2002.0,Summer,11.3,15.2,,117.0,
3296,Gujarat,Surat,"Residential, Rural and other Areas",2002.0,Winter,12.0,22.1,,183.0,
3297,Gujarat,Surat,"Residential, Rural and other Areas",2004.0,Autumn,20.62,28.55,118.33,153.04,
3298,Gujarat,Surat,"Residential, Rural and other Areas",2004.0,Spring,22.09,30.16,121.41,152.11,
3299,Gujarat,Surat,"Residential, Rural and other Areas",2004.0,Summer,20.49,28.43,113.31,141.84,
3300,Gujarat,Surat,"Residential, Rural and other Areas",2004.0,Winter,21.4,29.12,122.81,158.65,
3301,Gujarat,Surat,"Residential, Rural and other Areas",2010.0,Autumn,14.02,22.03,69.97,,
3302,Gujarat,Surat,"Residential, Rural and other Areas",2010.0,Spring,15.57,24.09,75.85,,
3303,Gujarat,Surat,"Residential, Rural and other Areas",2010.0,Summer,13.58,21.09,69.49,,
3304,Gujarat,Surat,"Residential, Rural and other Areas",2010.0,Winter,15.53,24.58,74.6,,
3305,Gujarat,Surat,"Residential, Rural and other Areas",2011.0,Autumn,14.27,25.16,85.98,,
3306,Gujarat,Surat,"Residential, Rural and other Areas",2011.0,Spring,17.0,26.81,97.64,,
3307,Gujarat,Surat,"Residential, Rural and other Areas",2011.0,Summer,14.13,22.02,84.42,,
3308,Gujarat,Surat,"Residential, Rural and other Areas",2011.0,Winter,15.62,25.0,89.92,,
3309,Gujarat,Surat,"Residential, Rural and other Areas",2012.0,Autumn,16.4,25.8,96.7,,
3310,Gujarat,Surat,"Residential, Rural and other Areas",2012.0,Spring,16.49,26.32,98.83,,
3311,Gujarat,Surat,"Residential, Rural and other Areas",2012.0,Summer,16.3,26.2,95.2,,
3312,Gujarat,Surat,"Residential, Rural and other Areas",2012.0,Winter,15.56,25.37,91.63,,
3313,Gujarat,Surat,"Residential, Rural and other Areas",2013.0,Autumn,10.76,17.44,75.7,26.24,
3314,Gujarat,Surat,"Residential, Rural and other Areas",2013.0,Spring,12.21,20.93,82.02,30.15,
3315,Gujarat,Surat,"Residential, Rural and other Areas",2013.0,Summer,10.6,17.4,81.6,21.46,
3316,Gujarat,Surat,"Residential, Rural and other Areas",2013.0,Winter,11.25,18.0,77.81,25.28,
3317,Gujarat,Surat,"Residential, Rural and other Areas",2014.0,Autumn,14.43,19.36,86.5,,28.93
3318,Gujarat,Surat,"Residential, Rural and other Areas",2014.0,Spring,14.85,20.3,88.22,,32.63
3319,Gujarat,Surat,"Residential, Rural and other Areas",2014.0,Summer,13.46,20.33,91.0,,30.39
3320,Gujarat,Surat,"Residential, Rural and other Areas",2014.0,Winter,14.67,17.3,85.5,,28.9
3321,Gujarat,Surat,"Residential, Rural and other Areas",2015.0,Spring,13.62,20.44,88.75,,31.0
3322,Gujarat,Surat,"Residential, Rural and other Areas",2015.0,Winter,13.34,19.91,84.0,,29.0
3325,Gujarat,Vadodara,Industrial Area,2010.0,Autumn,23.1,41.83,132.83,,
3326,Gujarat,Vadodara,Industrial Area,2010.0,Spring,21.5,44.5,142.8,,
3327,Gujarat,Vadodara,Industrial Area,2010.0,Summer,22.8,41.88,134.84,,
3328,Gujarat,Vadodara,Industrial Area,2010.0,Winter,24.32,44.91,132.05,,
3329,Gujarat,Vadodara,Industrial Area,2011.0,Autumn,22.41,45.24,120.78,,
3330,Gujarat,Vadodara,Industrial Area,2011.0,Spring,22.96,40.96,139.71,,
3331,Gujarat,Vadodara,Industrial Area,2011.0,Summer,23.17,40.12,121.65,,
3332,Gujarat,Vadodara,Industrial Area,2011.0,Winter,23.84,46.72,123.84,,
3333,Gujarat,Vadodara,Industrial Area,2012.0,Autumn,20.5,43.0,134.92,,
3334,Gujarat,Vadodara,Industrial Area,2012.0,Spring,22.43,44.71,155.57,,
3335,Gujarat,Vadodara,Industrial Area,2012.0,Summer,21.67,44.67,124.44,,
3336,Gujarat,Vadodara,Industrial Area,2012.0,Winter,20.77,41.77,130.72,,
3337,Gujarat,Vadodara,Industrial Area,2013.0,Autumn,13.17,18.91,75.04,35.43,
3338,Gujarat,Vadodara,Industrial Area,2013.0,Spring,17.72,25.68,129.72,55.92,
3339,Gujarat,Vadodara,Industrial Area,2013.0,Summer,14.18,21.91,115.87,53.7,
3340,Gujarat,Vadodara,Industrial Area,2013.0,Winter,15.36,21.27,91.36,40.55,
3341,Gujarat,Vadodara,Industrial Area,2014.0,Autumn,18.0,22.57,95.14,,38.14
3342,Gujarat,Vadodara,Industrial Area,2014.0,Spring,17.39,21.43,96.0,,36.7
3343,Gujarat,Vadodara,Industrial Area,2014.0,Summer,15.41,22.55,95.91,,34.64
3344,Gujarat,Vadodara,Industrial Area,2014.0,Winter,17.8,21.13,89.0,,30.87
3345,Gujarat,Vadodara,Industrial Area,2015.0,Autumn,16.26,20.43,90.0,,36.78
3346,Gujarat,Vadodara,Industrial Area,2015.0,Spring,14.88,22.25,97.5,,35.25
3347,Gujarat,Vadodara,Industrial Area,2015.0,Summer,13.94,21.0,90.88,,35.75
3348,Gujarat,Vadodara,Industrial Area,2015.0,Winter,14.69,21.75,95.19,,34.25
3349,Gujarat,Vadodara,Industrial Area,2005.0,Autumn,26.44,39.36,156.58,371.0,
3350,Gujarat,Vadodara,Industrial Area,2005.0,Spring,22.78,35.88,162.84,369.72,
3351,Gujarat,Vadodara,Industrial Area,2005.0,Summer,22.98,37.17,135.96,316.42,
3352,Gujarat,Vadodara,Industrial Area,2005.0,Winter,23.85,35.57,165.62,381.96,
3353,Gujarat,Vadodara,Industrial Area,2006.0,Autumn,23.2,36.17,177.12,314.69,
3354,Gujarat,Vadodara,Industrial Area,2006.0,Spring,24.9,39.2,163.15,366.1,
3355,Gujarat,Vadodara,Industrial Area,2006.0,Summer,23.48,36.02,169.71,318.46,
3356,Gujarat,Vadodara,Industrial Area,2006.0,Winter,26.37,39.28,178.67,325.75,
3357,Gujarat,Vadodara,Industrial Area,2007.0,Autumn,23.76,40.59,145.96,330.92,
3358,Gujarat,Vadodara,Industrial Area,2007.0,Spring,23.02,41.87,156.89,351.89,
3359,Gujarat,Vadodara,Industrial Area,2007.0,Summer,22.71,42.47,153.33,346.04,
3360,Gujarat,Vadodara,Industrial Area,2007.0,Winter,24.72,43.14,156.29,331.0,
3361,Gujarat,Vadodara,Industrial Area,2008.0,Autumn,18.87,43.16,111.28,255.36,
3362,Gujarat,Vadodara,Industrial Area,2008.0,Spring,19.24,42.17,123.42,287.85,
3363,Gujarat,Vadodara,Industrial Area,2008.0,Summer,17.78,41.13,113.15,259.5,
3364,Gujarat,Vadodara,Industrial Area,2008.0,Winter,19.29,43.97,129.37,297.96,
3365,Gujarat,Vadodara,Industrial Area,2009.0,Autumn,23.31,44.83,129.5,303.42,
3366,Gujarat,Vadodara,Industrial Area,2009.0,Spring,20.51,45.0,126.22,294.7,
3367,Gujarat,Vadodara,Industrial Area,2009.0,Summer,22.46,45.99,128.76,306.68,
3368,Gujarat,Vadodara,Industrial Area,2009.0,Winter,19.02,46.33,119.05,277.63,
3369,Gujarat,Vadodara,RIRUO,2015.0,Autumn,14.74,20.17,86.26,,36.48
3370,Gujarat,Vadodara,RIRUO,2015.0,Spring,14.12,21.38,92.5,,35.75
3371,Gujarat,Vadodara,RIRUO,2015.0,Summer,14.0,20.75,87.88,,34.75
3372,Gujarat,Vadodara,RIRUO,2015.0,Winter,13.88,21.19,92.19,,35.81
3373,Gujarat,Vadodara,Residential and others,2005.0,Autumn,15.32,24.28,82.75,200.81,
3374,Gujarat,Vadodara,Residential and others,2005.0,Spring,14.07,22.65,95.24,227.52,
3375,Gujarat,Vadodara,Residential and others,2005.0,Summer,14.28,23.26,83.43,200.09,
3376,Gujarat,Vadodara,Residential and others,2005.0,Winter,15.67,26.58,97.7,226.04,
3377,Gujarat,Vadodara,Residential and others,2006.0,Autumn,14.05,23.39,132.67,211.69,
3378,Gujarat,Vadodara,Residential and others,2006.0,Spring,12.4,21.57,110.77,200.85,
3379,Gujarat,Vadodara,Residential and others,2006.0,Summer,11.85,20.78,118.3,191.19,
3380,Gujarat,Vadodara,Residential and others,2006.0,Winter,13.83,22.07,121.3,197.17,
3381,Gujarat,Vadodara,Residential and others,2007.0,Autumn,13.84,22.47,83.27,184.51,
3382,Gujarat,Vadodara,Residential and others,2007.0,Spring,12.44,21.24,84.71,189.58,
3383,Gujarat,Vadodara,Residential and others,2007.0,Summer,13.11,21.12,86.55,192.42,
3384,Gujarat,Vadodara,Residential and others,2007.0,Winter,12.51,21.69,91.32,180.11,
3385,Gujarat,Vadodara,Residential and others,2008.0,Autumn,11.5,21.94,54.67,124.0,
3386,Gujarat,Vadodara,Residential and others,2008.0,Spring,11.0,20.87,55.22,125.55,
3387,Gujarat,Vadodara,Residential and others,2008.0,Summer,10.88,21.64,51.39,116.57,
3388,Gujarat,Vadodara,Residential and others,2008.0,Winter,11.4,21.05,64.29,143.53,
3389,Gujarat,Vadodara,Residential and others,2009.0,Autumn,14.68,23.9,74.89,169.41,
3390,Gujarat,Vadodara,Residential and others,2009.0,Spring,12.65,22.24,63.56,142.66,
3391,Gujarat,Vadodara,Residential and others,2009.0,Summer,13.48,22.81,65.19,147.6,
3392,Gujarat,Vadodara,Residential and others,2009.0,Winter,11.88,21.47,57.5,129.71,
3393,Gujarat,Vadodara,"Residential, Rural and other Areas",2004.0,Autumn,13.1,20.62,82.62,161.24,
3394,Gujarat,Vadodara,"Residential, Rural and other Areas",2004.0,Spring,9.81,17.81,72.3,172.85,
3395,Gujarat,Vadodara,"Residential, Rural and other Areas",2004.0,Summer,9.96,17.61,75.07,174.91,
3396,Gujarat,Vadodara,"Residential, Rural and other Areas",2004.0,Winter,11.52,19.2,88.37,170.44,
3397,Gujarat,Vadodara,"Residential, Rural and other Areas",2010.0,Autumn,14.13,22.39,74.61,,
3398,Gujarat,Vadodara,"Residential, Rural and other Areas",2010.0,Spring,13.1,20.98,75.71,,
3399,Gujarat,Vadodara,"Residential, Rural and other Areas",2010.0,Summer,12.46,19.93,69.93,,
3400,Gujarat,Vadodara,"Residential, Rural and other Areas",2010.0,Winter,13.86,22.86,68.38,,
3401,Gujarat,Vadodara,"Residential, Rural and other Areas",2011.0,Autumn,13.42,21.68,73.3,,
3402,Gujarat,Vadodara,"Residential, Rural and other Areas",2011.0,Spring,13.68,21.92,71.26,,
3403,Gujarat,Vadodara,"Residential, Rural and other Areas",2011.0,Summer,12.73,20.42,62.31,,
3404,Gujarat,Vadodara,"Residential, Rural and other Areas",2011.0,Winter,15.1,25.48,66.6,,
3405,Gujarat,Vadodara,"Residential, Rural and other Areas",2012.0,Autumn,12.38,18.0,60.62,,
3406,Gujarat,Vadodara,"Residential, Rural and other Areas",2012.0,Spring,13.72,28.55,92.59,,
3407,Gujarat,Vadodara,"Residential, Rural and other Areas",2012.0,Summer,13.6,26.6,70.2,,
3408,Gujarat,Vadodara,"Residential, Rural and other Areas",2012.0,Winter,13.25,25.97,76.06,,
3409,Gujarat,Vadodara,"Residential, Rural and other Areas",2013.0,Autumn,13.93,19.26,74.76,29.24,
3410,Gujarat,Vadodara,"Residential, Rural and other Areas",2013.0,Spring,13.28,18.5,88.72,40.12,
3411,Gujarat,Vadodara,"Residential, Rural and other Areas",2013.0,Summer,11.59,16.52,77.22,24.8,
3412,Gujarat,Vadodara,"Residential, Rural and other Areas",2013.0,Winter,11.92,16.42,77.23,28.08,
3413,Gujarat,Vadodara,"Residential, Rural and other Areas",2014.0,Autumn,13.79,19.5,81.71,,29.14
3414,Gujarat,Vadodara,"Residential, Rural and other Areas",2014.0,Spring,14.78,20.96,84.85,,30.87
3415,Gujarat,Vadodara,"Residential, Rural and other Areas",2014.0,Summer,13.19,20.14,85.12,,29.72
3416,Gujarat,Vadodara,"Residential, Rural and other Areas",2014.0,Winter,14.17,18.77,81.93,,29.47
3417,Gujarat,Vadodara,"Residential, Rural and other Areas",2015.0,Autumn,12.33,19.74,80.67,,31.83
3418,Gujarat,Vadodara,"Residential, Rural and other Areas",2015.0,Spring,13.44,20.38,86.81,,31.12
3419,Gujarat,Vadodara,"Residential, Rural and other Areas",2015.0,Summer,12.24,19.0,81.65,,28.26
3420,Gujarat,Vadodara,"Residential, Rural and other Areas",2015.0,Winter,13.16,19.66,82.75,,29.72
3549,Haryana,Faridabad,Industrial Area,2001.0,Autumn,17.7,22.2,,398.0,
3550,Haryana,Faridabad,Industrial Area,2001.0,Spring,27.4,9.6,,276.33,
3551,Haryana,Faridabad,Industrial Area,2001.0,Summer,23.2,15.2,,261.33,
3552,Haryana,Faridabad,Industrial Area,2001.0,Winter,24.23,13.47,,374.33,
3553,Haryana,Faridabad,Industrial Area,2002.0,Autumn,13.17,28.13,,385.67,
3554,Haryana,Faridabad,Industrial Area,2002.0,Spring,12.37,23.2,,568.67,
3555,Haryana,Faridabad,Industrial Area,2002.0,Summer,12.8,28.4,,412.0,
3556,Haryana,Faridabad,Industrial Area,2002.0,Winter,13.63,25.4,,441.67,
3557,Haryana,Faridabad,Industrial Area,2004.0,Autumn,10.2,23.16,171.6,299.4,
3558,Haryana,Faridabad,Industrial Area,2004.0,Spring,8.87,24.57,179.19,319.08,
3559,Haryana,Faridabad,Industrial Area,2004.0,Summer,9.44,24.91,174.82,281.11,
3560,Haryana,Faridabad,Industrial Area,2004.0,Winter,9.71,26.15,170.96,295.27,
3561,Haryana,Faridabad,Industrial Area,2010.0,Autumn,19.2,38.04,166.56,,
3562,Haryana,Faridabad,Industrial Area,2010.0,Spring,18.13,24.52,178.0,,
3563,Haryana,Faridabad,Industrial Area,2010.0,Summer,16.88,25.84,176.24,,
3564,Haryana,Faridabad,Industrial Area,2010.0,Winter,19.78,36.83,176.0,,
3565,Haryana,Faridabad,Industrial Area,2011.0,Autumn,18.71,41.58,182.38,,
3566,Haryana,Faridabad,Industrial Area,2011.0,Spring,31.2,66.12,216.96,,
3567,Haryana,Faridabad,Industrial Area,2011.0,Summer,16.04,30.44,173.07,,
3568,Haryana,Faridabad,Industrial Area,2011.0,Winter,28.59,64.14,210.09,,
3569,Haryana,Faridabad,Industrial Area,2012.0,Autumn,9.15,29.74,140.59,,
3570,Haryana,Faridabad,Industrial Area,2012.0,Spring,9.15,35.55,165.97,,
3571,Haryana,Faridabad,Industrial Area,2012.0,Summer,8.64,31.97,178.16,,
3572,Haryana,Faridabad,Industrial Area,2012.0,Winter,13.84,45.29,188.93,,
3573,Haryana,Faridabad,Industrial Area,2013.0,Autumn,12.25,27.44,161.38,,
3574,Haryana,Faridabad,Industrial Area,2013.0,Spring,16.07,34.93,233.27,,
3575,Haryana,Faridabad,Industrial Area,2013.0,Summer,17.38,33.75,240.88,,
3576,Haryana,Faridabad,Industrial Area,2013.0,Winter,13.25,26.75,189.75,,
3577,Haryana,Faridabad,Industrial Area,2014.0,Autumn,16.52,27.13,211.3,,
3578,Haryana,Faridabad,Industrial Area,2014.0,Spring,18.19,34.76,226.38,,
3579,Haryana,Faridabad,Industrial Area,2014.0,Summer,16.53,28.58,222.37,,
3580,Haryana,Faridabad,Industrial Area,2014.0,Winter,12.41,24.29,167.88,,
3581,Haryana,Faridabad,Industrial Area,2015.0,Spring,15.53,91.41,,,
3582,Haryana,Faridabad,Industrial Area,2015.0,Winter,17.71,75.12,,,
3583,Haryana,Faridabad,Industrial Area,2005.0,Autumn,10.54,23.71,172.52,401.74,
3584,Haryana,Faridabad,Industrial Area,2005.0,Spring,10.86,22.37,159.7,382.52,
3585,Haryana,Faridabad,Industrial Area,2005.0,Summer,10.54,23.62,177.83,409.46,
3586,Haryana,Faridabad,Industrial Area,2005.0,Winter,11.07,21.92,171.22,404.52,
3587,Haryana,Faridabad,Industrial Area,2006.0,Autumn,10.43,22.13,171.33,388.67,
3588,Haryana,Faridabad,Industrial Area,2006.0,Spring,11.39,22.22,176.26,418.33,
3589,Haryana,Faridabad,Industrial Area,2006.0,Summer,10.67,22.1,168.65,400.52,
3590,Haryana,Faridabad,Industrial Area,2006.0,Winter,12.24,23.33,179.57,413.71,
3594,Haryana,Faridabad,Residential and others,2005.0,Autumn,7.67,20.55,153.3,324.57,
3595,Haryana,Faridabad,Residential and others,2005.0,Spring,7.75,20.25,140.55,305.24,
3596,Haryana,Faridabad,Residential and others,2005.0,Summer,7.94,21.03,152.86,327.11,
3597,Haryana,Faridabad,Residential and others,2005.0,Winter,7.65,19.38,143.44,311.96,
3598,Haryana,Faridabad,Residential and others,2006.0,Autumn,9.06,21.13,153.0,357.0,
3599,Haryana,Faridabad,Residential and others,2006.0,Spring,8.3,19.91,151.23,340.72,
3600,Haryana,Faridabad,Residential and others,2006.0,Summer,8.42,20.39,143.5,326.65,
3601,Haryana,Faridabad,Residential and others,2006.0,Winter,9.77,22.34,166.82,387.55,
3637,Haryana,Faridabad,"Residential, Rural and other Areas",2001.0,Autumn,18.13,22.2,,408.0,
3638,Haryana,Faridabad,"Residential, Rural and other Areas",2001.0,Spring,27.4,9.8,,271.33,
3639,Haryana,Faridabad,"Residential, Rural and other Areas",2001.0,Summer,23.3,15.3,,267.0,
3640,Haryana,Faridabad,"Residential, Rural and other Areas",2001.0,Winter,24.2,13.27,,391.33,
3641,Haryana,Faridabad,"Residential, Rural and other Areas",2002.0,Autumn,12.87,27.9,,415.0,
3642,Haryana,Faridabad,"Residential, Rural and other Areas",2002.0,Spring,11.6,24.8,,594.0,
3643,Haryana,Faridabad,"Residential, Rural and other Areas",2002.0,Summer,12.8,28.33,,421.67,
3644,Haryana,Faridabad,"Residential, Rural and other Areas",2002.0,Winter,14.17,26.37,,466.0,
3645,Haryana,Faridabad,"Residential, Rural and other Areas",2004.0,Autumn,7.47,20.45,138.71,224.48,
3646,Haryana,Faridabad,"Residential, Rural and other Areas",2004.0,Spring,7.4,20.72,169.86,287.82,
3647,Haryana,Faridabad,"Residential, Rural and other Areas",2004.0,Summer,7.4,20.12,145.24,236.97,
3648,Haryana,Faridabad,"Residential, Rural and other Areas",2004.0,Winter,7.73,23.8,155.41,258.41,
3649,Haryana,Faridabad,"Residential, Rural and other Areas",2010.0,Autumn,16.35,28.44,138.26,,
3650,Haryana,Faridabad,"Residential, Rural and other Areas",2010.0,Spring,16.59,23.0,162.38,,
3651,Haryana,Faridabad,"Residential, Rural and other Areas",2010.0,Summer,15.92,25.45,158.32,,
3652,Haryana,Faridabad,"Residential, Rural and other Areas",2010.0,Winter,18.14,28.08,154.75,,
3653,Haryana,Faridabad,"Residential, Rural and other Areas",2011.0,Autumn,14.26,37.63,160.77,,
3654,Haryana,Faridabad,"Residential, Rural and other Areas",2011.0,Spring,23.74,46.74,169.82,,
3655,Haryana,Faridabad,"Residential, Rural and other Areas",2011.0,Summer,14.12,22.94,143.09,,
3656,Haryana,Faridabad,"Residential, Rural and other Areas",2011.0,Winter,18.71,43.0,162.94,,
3657,Haryana,Faridabad,"Residential, Rural and other Areas",2012.0,Autumn,12.5,34.31,156.73,,
3658,Haryana,Faridabad,"Residential, Rural and other Areas",2012.0,Spring,11.0,41.08,223.23,,
3659,Haryana,Faridabad,"Residential, Rural and other Areas",2012.0,Summer,11.83,36.92,200.71,,
3660,Haryana,Faridabad,"Residential, Rural and other Areas",2012.0,Winter,18.6,53.2,228.8,,
3661,Haryana,Faridabad,"Residential, Rural and other Areas",2013.0,Autumn,10.58,20.05,133.47,,
3662,Haryana,Faridabad,"Residential, Rural and other Areas",2013.0,Spring,11.0,24.85,225.45,,
3663,Haryana,Faridabad,"Residential, Rural and other Areas",2013.0,Summer,11.36,22.21,203.86,,
3664,Haryana,Faridabad,"Residential, Rural and other Areas",2013.0,Winter,8.25,26.25,222.0,,
3665,Haryana,Faridabad,"Residential, Rural and other Areas",2014.0,Autumn,12.77,21.77,192.2,,
3666,Haryana,Faridabad,"Residential, Rural and other Areas",2014.0,Spring,12.13,25.04,212.57,,
3667,Haryana,Faridabad,"Residential, Rural and other Areas",2014.0,Summer,11.1,22.03,196.5,,
3668,Haryana,Faridabad,"Residential, Rural and other Areas",2014.0,Winter,10.4,22.0,154.76,,
3669,Haryana,Faridabad,"Residential, Rural and other Areas",2015.0,Spring,12.73,65.32,72.23,,
3670,Haryana,Faridabad,"Residential, Rural and other Areas",2015.0,Winter,15.82,64.32,136.95,,
3763,Haryana,Yamunanagar,Industrial Area,2005.0,Autumn,16.73,32.87,136.33,229.53,
3764,Haryana,Yamunanagar,Industrial Area,2005.0,Spring,23.08,29.9,140.0,260.2,
3765,Haryana,Yamunanagar,Industrial Area,2005.0,Summer,17.4,32.48,148.14,223.64,
3766,Haryana,Yamunanagar,Industrial Area,2005.0,Winter,23.78,26.16,81.5,167.88,
3767,Haryana,Yamunanagar,Industrial Area,2006.0,Autumn,12.59,23.01,110.29,193.21,
3768,Haryana,Yamunanagar,Industrial Area,2006.0,Spring,17.59,34.43,115.2,218.2,
3769,Haryana,Yamunanagar,Industrial Area,2006.0,Summer,16.31,31.94,108.43,167.29,
3770,Haryana,Yamunanagar,Industrial Area,2006.0,Winter,15.4,31.72,171.53,272.89,
3771,Haryana,Yamunanagar,Industrial Area,2007.0,Autumn,8.16,33.06,61.4,132.0,
3772,Haryana,Yamunanagar,Industrial Area,2007.0,Spring,14.7,29.76,112.0,225.14,
3773,Haryana,Yamunanagar,Industrial Area,2007.0,Summer,10.92,30.49,86.69,162.0,
3774,Haryana,Yamunanagar,Industrial Area,2007.0,Winter,12.78,27.79,127.33,175.0,
3775,Haryana,Yamunanagar,Industrial Area,2008.0,Autumn,12.86,25.68,265.64,322.64,
3776,Haryana,Yamunanagar,Industrial Area,2008.0,Spring,19.17,28.54,371.14,415.83,
3777,Haryana,Yamunanagar,Industrial Area,2008.0,Summer,19.2,29.8,558.0,,
3778,Haryana,Yamunanagar,Industrial Area,2008.0,Winter,13.81,33.58,278.06,323.15,
3779,Haryana,Yamunanagar,Industrial Area,2009.0,Autumn,14.06,25.09,296.75,377.38,
3780,Haryana,Yamunanagar,Industrial Area,2009.0,Spring,10.94,29.36,251.0,150.0,
3781,Haryana,Yamunanagar,Industrial Area,2009.0,Summer,12.95,28.72,215.5,264.92,
3782,Haryana,Yamunanagar,Industrial Area,2009.0,Winter,12.11,26.19,348.11,406.56,
4625,Jammu & Kashmir,Jammu,Industrial Area,2010.0,Autumn,8.63,17.16,120.11,,
4626,Jammu & Kashmir,Jammu,Industrial Area,2010.0,Spring,13.91,20.55,143.73,,
4627,Jammu & Kashmir,Jammu,Industrial Area,2010.0,Summer,9.0,18.75,133.25,,
4628,Jammu & Kashmir,Jammu,Industrial Area,2010.0,Winter,9.73,17.91,158.27,,
4629,Jammu & Kashmir,Jammu,Industrial Area,2011.0,Autumn,4.0,13.0,129.0,,
4630,Jammu & Kashmir,Jammu,Industrial Area,2011.0,Spring,9.33,12.64,137.55,,
4631,Jammu & Kashmir,Jammu,Industrial Area,2011.0,Summer,6.83,12.17,112.33,,
4632,Jammu & Kashmir,Jammu,Industrial Area,2012.0,Autumn,5.28,14.06,126.21,,
4633,Jammu & Kashmir,Jammu,Industrial Area,2012.0,Spring,6.56,16.44,139.1,,
4634,Jammu & Kashmir,Jammu,Industrial Area,2012.0,Summer,5.92,13.5,143.71,,
4635,Jammu & Kashmir,Jammu,Industrial Area,2012.0,Winter,5.61,16.06,142.28,,
4636,Jammu & Kashmir,Jammu,Industrial Area,2013.0,Autumn,15.5,5.75,130.71,,
4637,Jammu & Kashmir,Jammu,Industrial Area,2013.0,Spring,17.74,7.11,123.68,,
4638,Jammu & Kashmir,Jammu,Industrial Area,2013.0,Summer,14.44,6.25,121.0,,
4639,Jammu & Kashmir,Jammu,Industrial Area,2013.0,Winter,17.28,5.84,131.68,,
4640,Jammu & Kashmir,Jammu,Industrial Area,2014.0,Autumn,6.82,12.91,119.09,,
4641,Jammu & Kashmir,Jammu,Industrial Area,2014.0,Spring,6.93,13.0,126.64,,
4642,Jammu & Kashmir,Jammu,Industrial Area,2014.0,Summer,5.31,14.38,132.0,,
4643,Jammu & Kashmir,Jammu,Industrial Area,2014.0,Winter,7.82,14.06,137.24,,
4644,Jammu & Kashmir,Jammu,Industrial Area,2015.0,Autumn,3.58,17.04,134.62,,
4645,Jammu & Kashmir,Jammu,Industrial Area,2015.0,Spring,5.5,19.45,111.05,,
4646,Jammu & Kashmir,Jammu,Industrial Area,2015.0,Summer,4.23,16.65,119.23,,
4647,Jammu & Kashmir,Jammu,Industrial Area,2015.0,Winter,4.0,18.84,139.16,,
4648,Jammu & Kashmir,Jammu,Industrial Area,2009.0,Autumn,13.92,14.1,97.25,201.2,
4649,Jammu & Kashmir,Jammu,Industrial Area,2009.0,Spring,7.9,11.2,99.5,163.5,
4650,Jammu & Kashmir,Jammu,Industrial Area,2009.0,Summer,15.12,12.2,118.75,226.9,
4651,Jammu & Kashmir,Jammu,Industrial Area,2009.0,Winter,14.27,15.13,118.67,247.67,
4652,Jammu & Kashmir,Jammu,Residential and others,2009.0,Autumn,5.81,11.45,95.06,177.69,
4653,Jammu & Kashmir,Jammu,Residential and others,2009.0,Spring,5.56,10.36,90.12,180.25,
4654,Jammu & Kashmir,Jammu,Residential and others,2009.0,Summer,5.39,12.09,92.18,187.44,
4655,Jammu & Kashmir,Jammu,Residential and others,2009.0,Winter,7.11,11.37,93.86,195.57,
4656,Jammu & Kashmir,Jammu,"Residential, Rural and other Areas",2010.0,Autumn,5.19,13.55,98.7,,
4657,Jammu & Kashmir,Jammu,"Residential, Rural and other Areas",2010.0,Spring,5.81,14.05,112.48,,
4658,Jammu & Kashmir,Jammu,"Residential, Rural and other Areas",2010.0,Summer,4.75,11.95,88.09,,
4659,Jammu & Kashmir,Jammu,"Residential, Rural and other Areas",2010.0,Winter,5.98,13.19,121.33,,
4660,Jammu & Kashmir,Jammu,"Residential, Rural and other Areas",2011.0,Autumn,3.8,12.8,94.0,,
4661,Jammu & Kashmir,Jammu,"Residential, Rural and other Areas",2011.0,Spring,4.0,11.38,100.33,,
4662,Jammu & Kashmir,Jammu,"Residential, Rural and other Areas",2011.0,Summer,3.91,11.18,93.91,,
4663,Jammu & Kashmir,Jammu,"Residential, Rural and other Areas",2011.0,Winter,4.75,12.5,85.25,,
4664,Jammu & Kashmir,Jammu,"Residential, Rural and other Areas",2012.0,Autumn,6.63,9.49,99.97,,
4665,Jammu & Kashmir,Jammu,"Residential, Rural and other Areas",2012.0,Spring,5.35,11.84,120.71,,
4666,Jammu & Kashmir,Jammu,"Residential, Rural and other Areas",2012.0,Summer,6.68,11.65,98.88,,
4667,Jammu & Kashmir,Jammu,"Residential, Rural and other Areas",2012.0,Winter,4.36,10.76,129.94,,
4668,Jammu & Kashmir,Jammu,"Residential, Rural and other Areas",2013.0,Autumn,12.85,3.74,116.78,,
4669,Jammu & Kashmir,Jammu,"Residential, Rural and other Areas",2013.0,Spring,14.24,4.26,110.61,,
4670,Jammu & Kashmir,Jammu,"Residential, Rural and other Areas",2013.0,Summer,13.36,4.16,104.98,,
4671,Jammu & Kashmir,Jammu,"Residential, Rural and other Areas",2013.0,Winter,15.67,3.81,126.83,,
4672,Jammu & Kashmir,Jammu,"Residential, Rural and other Areas",2014.0,Autumn,3.31,13.56,108.12,,
4673,Jammu & Kashmir,Jammu,"Residential, Rural and other Areas",2014.0,Spring,3.42,12.03,117.48,,
4674,Jammu & Kashmir,Jammu,"Residential, Rural and other Areas",2014.0,Summer,5.21,12.12,127.76,,
4675,Jammu & Kashmir,Jammu,"Residential, Rural and other Areas",2014.0,Winter,7.5,10.62,126.96,,
4676,Jammu & Kashmir,Jammu,"Residential, Rural and other Areas",2015.0,Autumn,3.35,15.51,124.73,,
4677,Jammu & Kashmir,Jammu,"Residential, Rural and other Areas",2015.0,Spring,3.48,17.38,112.75,,
4678,Jammu & Kashmir,Jammu,"Residential, Rural and other Areas",2015.0,Summer,3.04,14.33,119.87,,
4679,Jammu & Kashmir,Jammu,"Residential, Rural and other Areas",2015.0,Winter,2.73,17.43,141.22,,
4680,Jharkhand,Dhanbad,Industrial Area,2010.0,Autumn,15.11,34.43,205.62,275.37,
4681,Jharkhand,Dhanbad,Industrial Area,2010.0,Spring,16.79,35.63,219.24,293.12,
4682,Jharkhand,Dhanbad,Industrial Area,2010.0,Summer,15.05,36.53,198.15,261.89,
4683,Jharkhand,Dhanbad,Industrial Area,2010.0,Winter,17.19,36.48,242.68,295.73,
4684,Jharkhand,Dhanbad,Industrial Area,2011.0,Autumn,15.49,34.91,213.47,,
4685,Jharkhand,Dhanbad,Industrial Area,2011.0,Spring,15.55,33.98,247.45,,
4686,Jharkhand,Dhanbad,Industrial Area,2011.0,Summer,15.16,34.81,196.32,,
4687,Jharkhand,Dhanbad,Industrial Area,2011.0,Winter,15.71,32.93,222.96,,
4688,Jharkhand,Dhanbad,Industrial Area,2012.0,Autumn,16.96,40.74,198.83,,
4689,Jharkhand,Dhanbad,Industrial Area,2012.0,Spring,17.56,38.08,220.11,,
4690,Jharkhand,Dhanbad,Industrial Area,2012.0,Summer,16.91,40.09,190.08,,
4691,Jharkhand,Dhanbad,Industrial Area,2012.0,Winter,18.77,39.31,215.15,,
4692,Jharkhand,Dhanbad,Industrial Area,2013.0,Autumn,17.5,39.9,179.0,,
4693,Jharkhand,Dhanbad,Industrial Area,2013.0,Spring,16.35,39.12,170.45,,
4694,Jharkhand,Dhanbad,Industrial Area,2013.0,Summer,15.17,38.75,195.94,,
4695,Jharkhand,Dhanbad,Industrial Area,2013.0,Winter,17.12,39.06,176.74,,
4696,Jharkhand,Dhanbad,Industrial Area,2014.0,Autumn,13.1,37.54,206.35,,
4697,Jharkhand,Dhanbad,Industrial Area,2014.0,Spring,13.43,35.57,202.14,,
4698,Jharkhand,Dhanbad,Industrial Area,2014.0,Summer,12.94,35.61,178.28,,
4699,Jharkhand,Dhanbad,Industrial Area,2014.0,Winter,14.92,37.42,216.71,,
4700,Jharkhand,Dhanbad,Industrial Area,2015.0,Spring,12.49,37.2,220.27,,
4701,Jharkhand,Dhanbad,Industrial Area,2015.0,Winter,12.79,38.12,207.5,,
4702,Jharkhand,Dhanbad,Residential and others,2005.0,Autumn,14.52,45.81,124.42,204.83,
4703,Jharkhand,Dhanbad,Residential and others,2005.0,Spring,16.85,44.19,126.14,230.27,
4704,Jharkhand,Dhanbad,Residential and others,2005.0,Summer,15.23,45.91,96.12,221.84,
4705,Jharkhand,Dhanbad,Residential and others,2005.0,Winter,16.64,52.38,143.09,249.91,
4706,Jharkhand,Dhanbad,Residential and others,2006.0,Autumn,19.2,56.2,163.5,236.5,
4707,Jharkhand,Dhanbad,Residential and others,2006.0,Spring,18.35,48.05,129.0,221.0,
4708,Jharkhand,Dhanbad,Residential and others,2006.0,Summer,21.3,54.8,98.0,169.0,
4709,Jharkhand,Dhanbad,Residential and others,2006.0,Winter,21.67,57.71,144.8,230.4,
4710,Jharkhand,Dhanbad,Residential and others,2007.0,Autumn,18.8,50.23,90.24,172.52,
4711,Jharkhand,Dhanbad,Residential and others,2007.0,Spring,20.99,55.11,109.12,164.72,
4712,Jharkhand,Dhanbad,Residential and others,2007.0,Summer,18.87,50.72,84.5,122.79,
4713,Jharkhand,Dhanbad,Residential and others,2007.0,Winter,19.94,53.12,164.22,232.94,
4714,Jharkhand,Dhanbad,Residential and others,2008.0,Autumn,18.19,42.97,129.8,187.92,
4715,Jharkhand,Dhanbad,Residential and others,2008.0,Spring,19.35,43.55,142.8,203.35,
4716,Jharkhand,Dhanbad,Residential and others,2008.0,Summer,17.98,44.2,96.73,144.0,
4717,Jharkhand,Dhanbad,Residential and others,2008.0,Winter,19.52,45.42,164.14,234.57,
4718,Jharkhand,Dhanbad,Residential and others,2009.0,Autumn,17.16,42.36,100.71,136.14,
4719,Jharkhand,Dhanbad,Residential and others,2009.0,Spring,18.51,43.61,242.6,301.2,
4720,Jharkhand,Dhanbad,Residential and others,2009.0,Summer,12.9,30.47,48.5,90.17,
4721,Jharkhand,Dhanbad,Residential and others,2009.0,Winter,15.88,38.21,176.22,236.0,
4722,Jharkhand,Dhanbad,"Residential, Rural and other Areas",2004.0,Autumn,11.92,50.7,114.25,235.05,
4723,Jharkhand,Dhanbad,"Residential, Rural and other Areas",2004.0,Spring,12.74,63.53,134.43,188.33,
4724,Jharkhand,Dhanbad,"Residential, Rural and other Areas",2004.0,Summer,10.36,58.05,92.11,208.79,
4725,Jharkhand,Dhanbad,"Residential, Rural and other Areas",2004.0,Winter,11.79,57.87,165.76,232.38,
4726,Jharkhand,Dhanbad,"Residential, Rural and other Areas",2010.0,Autumn,14.3,37.5,151.05,,
4727,Jharkhand,Dhanbad,"Residential, Rural and other Areas",2010.0,Spring,15.11,37.84,123.16,,
4728,Jharkhand,Dhanbad,"Residential, Rural and other Areas",2010.0,Summer,14.26,37.48,103.26,,
4729,Jharkhand,Dhanbad,"Residential, Rural and other Areas",2010.0,Winter,13.62,37.15,134.77,,
4730,Jharkhand,Dhanbad,"Residential, Rural and other Areas",2011.0,Autumn,14.62,37.31,154.92,,
4731,Jharkhand,Dhanbad,"Residential, Rural and other Areas",2011.0,Spring,14.23,36.23,178.04,,
4732,Jharkhand,Dhanbad,"Residential, Rural and other Areas",2011.0,Summer,23.09,37.73,146.91,,
4733,Jharkhand,Dhanbad,"Residential, Rural and other Areas",2011.0,Winter,14.52,33.17,170.35,,
4734,Jharkhand,Dhanbad,"Residential, Rural and other Areas",2012.0,Autumn,14.64,39.36,113.0,,
4735,Jharkhand,Dhanbad,"Residential, Rural and other Areas",2012.0,Spring,15.23,38.81,145.87,,
4736,Jharkhand,Dhanbad,"Residential, Rural and other Areas",2012.0,Summer,15.48,40.85,151.07,,
4737,Jharkhand,Dhanbad,"Residential, Rural and other Areas",2012.0,Winter,16.89,37.95,125.16,,
4738,Jharkhand,Dhanbad,"Residential, Rural and other Areas",2013.0,Autumn,16.92,41.3,109.46,,
4739,Jharkhand,Dhanbad,"Residential, Rural and other Areas",2013.0,Spring,15.83,42.14,90.87,,
4740,Jharkhand,Dhanbad,"Residential, Rural and other Areas",2013.0,Summer,15.07,39.02,160.1,,
4741,Jharkhand,Dhanbad,"Residential, Rural and other Areas",2013.0,Winter,16.81,41.26,80.32,,
4742,Jharkhand,Dhanbad,"Residential, Rural and other Areas",2014.0,Autumn,12.93,36.41,89.14,,
4743,Jharkhand,Dhanbad,"Residential, Rural and other Areas",2014.0,Spring,13.0,33.25,73.75,,
4744,Jharkhand,Dhanbad,"Residential, Rural and other Areas",2014.0,Summer,13.13,34.73,81.87,,
4745,Jharkhand,Dhanbad,"Residential, Rural and other Areas",2014.0,Winter,15.53,34.93,123.0,,
4746,Jharkhand,Dhanbad,"Residential, Rural and other Areas",2015.0,Spring,11.92,36.84,78.69,,
4747,Jharkhand,Dhanbad,"Residential, Rural and other Areas",2015.0,Winter,12.69,36.75,67.18,,
4748,Jharkhand,Jamshedpur,Industrial Area,2004.0,Autumn,41.47,53.44,160.11,273.24,
4749,Jharkhand,Jamshedpur,Industrial Area,2004.0,Spring,41.85,53.26,169.09,349.36,
4750,Jharkhand,Jamshedpur,Industrial Area,2004.0,Summer,40.42,52.17,157.19,288.5,
4751,Jharkhand,Jamshedpur,Industrial Area,2004.0,Winter,43.26,55.28,187.93,343.37,
4752,Jharkhand,Jamshedpur,Industrial Area,2010.0,Autumn,34.64,47.38,139.19,,
4753,Jharkhand,Jamshedpur,Industrial Area,2010.0,Spring,36.1,48.44,168.68,,
4754,Jharkhand,Jamshedpur,Industrial Area,2010.0,Summer,35.6,47.24,147.7,,
4755,Jharkhand,Jamshedpur,Industrial Area,2010.0,Winter,35.33,47.48,157.76,,
4756,Jharkhand,Jamshedpur,Industrial Area,2011.0,Autumn,37.05,49.0,153.35,,
4757,Jharkhand,Jamshedpur,Industrial Area,2011.0,Spring,36.12,47.27,160.15,,
4758,Jharkhand,Jamshedpur,Industrial Area,2011.0,Summer,33.7,45.59,132.74,,
4759,Jharkhand,Jamshedpur,Industrial Area,2011.0,Winter,36.43,48.89,160.86,,
4760,Jharkhand,Jamshedpur,Industrial Area,2012.0,Autumn,34.76,45.87,130.3,,
4761,Jharkhand,Jamshedpur,Industrial Area,2012.0,Spring,38.75,50.71,164.44,,
4762,Jharkhand,Jamshedpur,Industrial Area,2012.0,Summer,36.65,48.2,148.16,,
4763,Jharkhand,Jamshedpur,Industrial Area,2012.0,Winter,38.23,49.42,153.7,,
4764,Jharkhand,Jamshedpur,Industrial Area,2013.0,Autumn,33.38,43.09,118.28,,
4765,Jharkhand,Jamshedpur,Industrial Area,2013.0,Spring,36.67,47.55,152.5,,
4766,Jharkhand,Jamshedpur,Industrial Area,2013.0,Summer,32.98,43.49,121.91,,
4767,Jharkhand,Jamshedpur,Industrial Area,2013.0,Winter,35.82,46.86,148.39,,
4768,Jharkhand,Jamshedpur,Industrial Area,2015.0,Spring,36.67,47.2,152.37,,
4769,Jharkhand,Jamshedpur,Industrial Area,2015.0,Summer,33.56,42.66,116.38,,
4770,Jharkhand,Jamshedpur,Industrial Area,2005.0,Autumn,38.51,51.69,162.22,339.34,
4771,Jharkhand,Jamshedpur,Industrial Area,2005.0,Spring,39.92,52.58,172.04,361.1,
4772,Jharkhand,Jamshedpur,Industrial Area,2005.0,Summer,39.56,51.48,165.8,350.93,
4773,Jharkhand,Jamshedpur,Industrial Area,2005.0,Winter,41.14,54.02,164.15,330.63,
4774,Jharkhand,Jamshedpur,Industrial Area,2006.0,Autumn,38.46,53.07,150.0,283.0,
4775,Jharkhand,Jamshedpur,Industrial Area,2006.0,Spring,38.33,51.71,154.93,297.4,
4776,Jharkhand,Jamshedpur,Industrial Area,2006.0,Summer,38.0,51.38,150.15,272.77,
4777,Jharkhand,Jamshedpur,Industrial Area,2006.0,Winter,39.41,53.44,150.48,294.71,
4778,Jharkhand,Jamshedpur,Industrial Area,2007.0,Autumn,37.88,50.79,169.17,272.05,
4779,Jharkhand,Jamshedpur,Industrial Area,2007.0,Spring,39.05,53.11,165.44,267.14,
4780,Jharkhand,Jamshedpur,Industrial Area,2007.0,Summer,37.28,50.72,163.94,268.77,
4781,Jharkhand,Jamshedpur,Industrial Area,2007.0,Winter,38.31,52.38,166.51,276.6,
4782,Jharkhand,Jamshedpur,Industrial Area,2008.0,Autumn,36.3,50.65,173.69,301.38,
4783,Jharkhand,Jamshedpur,Industrial Area,2008.0,Spring,38.44,51.32,171.43,264.83,
4784,Jharkhand,Jamshedpur,Industrial Area,2008.0,Summer,36.41,49.33,171.67,266.17,
4785,Jharkhand,Jamshedpur,Industrial Area,2008.0,Winter,37.02,50.77,169.53,294.3,
4786,Jharkhand,Jamshedpur,Industrial Area,2009.0,Autumn,36.2,48.87,168.18,348.92,
4787,Jharkhand,Jamshedpur,Industrial Area,2009.0,Spring,36.3,50.01,177.8,376.88,
4788,Jharkhand,Jamshedpur,Industrial Area,2009.0,Summer,35.9,48.63,166.87,356.64,
4789,Jharkhand,Jamshedpur,Industrial Area,2009.0,Winter,36.73,49.71,173.05,373.35,
4836,Jharkhand,Ranchi,Residential and others,2005.0,Autumn,20.4,34.1,75.0,171.0,
4837,Jharkhand,Ranchi,Residential and others,2005.0,Spring,20.5,32.5,49.0,143.0,
4838,Jharkhand,Ranchi,Residential and others,2005.0,Summer,17.98,29.42,102.5,168.5,
4839,Jharkhand,Ranchi,Residential and others,2005.0,Winter,16.9,24.1,129.0,183.0,
4840,Jharkhand,Ranchi,Residential and others,2007.0,Autumn,20.6,44.72,134.65,358.41,
4841,Jharkhand,Ranchi,Residential and others,2007.0,Spring,23.52,41.87,130.41,360.24,
4842,Jharkhand,Ranchi,Residential and others,2007.0,Summer,23.58,45.8,123.27,312.04,
4843,Jharkhand,Ranchi,Residential and others,2007.0,Winter,19.7,42.43,158.52,395.28,
4844,Jharkhand,Ranchi,Residential and others,2008.0,Autumn,19.72,34.45,189.6,336.68,
4845,Jharkhand,Ranchi,Residential and others,2008.0,Spring,18.09,28.49,187.26,372.85,
4846,Jharkhand,Ranchi,Residential and others,2008.0,Summer,17.82,31.88,127.36,233.16,
4847,Jharkhand,Ranchi,Residential and others,2008.0,Winter,18.77,34.97,192.38,403.28,
4848,Jharkhand,Ranchi,Residential and others,2009.0,Autumn,19.71,32.39,157.29,288.71,
4849,Jharkhand,Ranchi,Residential and others,2009.0,Spring,16.85,30.48,184.42,391.89,
4850,Jharkhand,Ranchi,Residential and others,2009.0,Summer,17.31,29.88,171.41,370.36,
4851,Jharkhand,Ranchi,Residential and others,2009.0,Winter,18.02,34.03,213.28,434.11,
4852,Jharkhand,Ranchi,"Residential, Rural and other Areas",2004.0,Autumn,15.85,,136.0,218.27,
4853,Jharkhand,Ranchi,"Residential, Rural and other Areas",2004.0,Spring,16.6,,128.0,178.0,
4854,Jharkhand,Ranchi,"Residential, Rural and other Areas",2004.0,Summer,17.2,,160.0,243.5,
4855,Jharkhand,Ranchi,"Residential, Rural and other Areas",2010.0,Autumn,18.78,34.81,164.26,,
4856,Jharkhand,Ranchi,"Residential, Rural and other Areas",2010.0,Spring,20.48,34.08,203.24,,
4857,Jharkhand,Ranchi,"Residential, Rural and other Areas",2010.0,Summer,18.08,35.56,156.88,,
4858,Jharkhand,Ranchi,"Residential, Rural and other Areas",2010.0,Winter,20.64,35.56,146.56,,
4859,Jharkhand,Ranchi,"Residential, Rural and other Areas",2011.0,Autumn,17.86,34.21,188.39,,
4860,Jharkhand,Ranchi,"Residential, Rural and other Areas",2011.0,Spring,18.38,34.35,174.5,,
4861,Jharkhand,Ranchi,"Residential, Rural and other Areas",2011.0,Summer,17.52,35.64,137.12,,
4862,Jharkhand,Ranchi,"Residential, Rural and other Areas",2011.0,Winter,16.77,34.96,178.96,,
4863,Jharkhand,Ranchi,"Residential, Rural and other Areas",2012.0,Autumn,19.38,34.69,213.44,,
4864,Jharkhand,Ranchi,"Residential, Rural and other Areas",2012.0,Spring,17.95,34.68,199.0,,
4865,Jharkhand,Ranchi,"Residential, Rural and other Areas",2012.0,Summer,17.76,34.82,188.82,,
4866,Jharkhand,Ranchi,"Residential, Rural and other Areas",2012.0,Winter,18.25,34.3,199.6,,
4867,Jharkhand,Ranchi,"Residential, Rural and other Areas",2013.0,Autumn,18.78,34.78,171.11,,
4868,Jharkhand,Ranchi,"Residential, Rural and other Areas",2013.0,Spring,18.32,34.95,181.95,,
4869,Jharkhand,Ranchi,"Residential, Rural and other Areas",2013.0,Summer,18.82,39.55,158.64,,
4870,Jharkhand,Ranchi,"Residential, Rural and other Areas",2013.0,Winter,19.2,33.53,200.33,,
4871,Jharkhand,Ranchi,"Residential, Rural and other Areas",2014.0,Autumn,17.0,34.5,176.25,,
4872,Jharkhand,Ranchi,"Residential, Rural and other Areas",2014.0,Spring,19.0,33.4,210.0,,
4873,Jharkhand,Ranchi,"Residential, Rural and other Areas",2014.0,Summer,18.0,36.29,204.43,,
4874,Jharkhand,Ranchi,"Residential, Rural and other Areas",2014.0,Winter,17.11,32.44,192.56,,
4875,Jharkhand,Ranchi,"Residential, Rural and other Areas",2015.0,Autumn,18.64,36.0,202.82,,
4876,Jharkhand,Ranchi,"Residential, Rural and other Areas",2015.0,Spring,19.41,35.68,228.86,,
4877,Jharkhand,Ranchi,"Residential, Rural and other Areas",2015.0,Summer,19.11,36.33,222.78,,
4878,Jharkhand,Ranchi,"Residential, Rural and other Areas",2015.0,Winter,18.69,36.69,216.5,,
4979,Karnataka,Bangalore,Industrial Area,2001.0,Autumn,8.72,17.95,,106.0,
4980,Karnataka,Bangalore,Industrial Area,2001.0,Spring,25.2,23.47,,140.67,
4981,Karnataka,Bangalore,Industrial Area,2001.0,Summer,8.42,18.03,,110.2,
4982,Karnataka,Bangalore,Industrial Area,2001.0,Winter,33.97,28.97,,133.0,
4983,Karnataka,Bangalore,Industrial Area,2002.0,Autumn,13.08,18.12,,92.17,
4984,Karnataka,Bangalore,Industrial Area,2002.0,Spring,12.48,28.48,,104.17,
4985,Karnataka,Bangalore,Industrial Area,2002.0,Summer,18.85,17.68,,77.17,
4986,Karnataka,Bangalore,Industrial Area,2002.0,Winter,12.97,28.28,,107.0,
4987,Karnataka,Bangalore,Industrial Area,2004.0,Autumn,8.85,50.54,60.57,129.8,
4988,Karnataka,Bangalore,Industrial Area,2004.0,Spring,9.3,50.93,99.23,204.0,
4989,Karnataka,Bangalore,Industrial Area,2004.0,Summer,8.53,53.75,57.68,132.47,
4990,Karnataka,Bangalore,Industrial Area,2004.0,Winter,9.47,52.08,72.36,160.06,
4991,Karnataka,Bangalore,Industrial Area,2011.0,Autumn,18.26,33.3,143.0,,
4992,Karnataka,Bangalore,Industrial Area,2011.0,Spring,22.78,35.67,150.47,,
4993,Karnataka,Bangalore,Industrial Area,2011.0,Summer,15.3,29.84,138.95,,
4994,Karnataka,Bangalore,Industrial Area,2011.0,Winter,16.77,31.44,155.0,,
4995,Karnataka,Bangalore,Industrial Area,2012.0,Autumn,15.35,30.63,161.88,,
4996,Karnataka,Bangalore,Industrial Area,2012.0,Spring,15.9,30.28,153.53,,
4997,Karnataka,Bangalore,Industrial Area,2012.0,Summer,15.76,29.96,136.61,,
4998,Karnataka,Bangalore,Industrial Area,2012.0,Winter,16.08,30.27,131.93,,
4999,Karnataka,Bangalore,Industrial Area,2013.0,Autumn,14.67,29.8,145.87,,
5000,Karnataka,Bangalore,Industrial Area,2013.0,Spring,14.87,29.67,140.71,,
5001,Karnataka,Bangalore,Industrial Area,2013.0,Summer,14.17,28.85,118.26,,
5002,Karnataka,Bangalore,Industrial Area,2013.0,Winter,14.77,29.6,135.46,,
5003,Karnataka,Bangalore,Industrial Area,2014.0,Autumn,13.58,37.72,169.59,,
5004,Karnataka,Bangalore,Industrial Area,2014.0,Spring,15.02,30.07,151.62,,
5005,Karnataka,Bangalore,Industrial Area,2014.0,Summer,13.66,29.97,134.0,,
5006,Karnataka,Bangalore,Industrial Area,2014.0,Winter,13.06,27.22,152.11,,
5007,Karnataka,Bangalore,Industrial Area,2015.0,Autumn,3.22,17.12,133.57,,
5008,Karnataka,Bangalore,Industrial Area,2015.0,Spring,5.86,21.64,155.9,,
5009,Karnataka,Bangalore,Industrial Area,2015.0,Summer,5.62,15.2,121.65,,
5010,Karnataka,Bangalore,Industrial Area,2015.0,Winter,4.93,27.46,176.33,,
5011,Karnataka,Bangalore,Industrial Area,2005.0,Autumn,11.36,42.31,63.67,140.89,
5012,Karnataka,Bangalore,Industrial Area,2005.0,Spring,8.13,50.12,66.41,144.25,
5013,Karnataka,Bangalore,Industrial Area,2005.0,Summer,7.43,38.68,56.79,118.8,
5014,Karnataka,Bangalore,Industrial Area,2005.0,Winter,8.09,52.44,75.97,168.06,
5015,Karnataka,Bangalore,Industrial Area,2006.0,Autumn,15.68,32.33,117.09,321.46,
5016,Karnataka,Bangalore,Industrial Area,2006.0,Spring,23.99,40.59,86.83,227.59,
5017,Karnataka,Bangalore,Industrial Area,2006.0,Summer,18.14,35.25,86.9,249.93,
5018,Karnataka,Bangalore,Industrial Area,2006.0,Winter,25.26,42.56,111.48,306.02,
5019,Karnataka,Bangalore,Industrial Area,2007.0,Autumn,16.62,39.98,98.06,265.66,
5020,Karnataka,Bangalore,Industrial Area,2007.0,Spring,17.71,39.32,96.62,287.57,
5021,Karnataka,Bangalore,Industrial Area,2007.0,Summer,16.85,38.32,84.07,235.51,
5022,Karnataka,Bangalore,Industrial Area,2007.0,Winter,17.0,40.09,103.16,276.14,
5023,Karnataka,Bangalore,Industrial Area,2008.0,Autumn,15.56,42.71,107.74,293.3,
5024,Karnataka,Bangalore,Industrial Area,2008.0,Spring,14.96,40.18,103.1,280.88,
5025,Karnataka,Bangalore,Industrial Area,2008.0,Summer,14.61,39.56,115.52,305.37,
5026,Karnataka,Bangalore,Industrial Area,2008.0,Winter,14.74,40.56,121.84,311.96,
5027,Karnataka,Bangalore,Industrial Area,2009.0,Autumn,17.22,39.04,95.0,255.69,
5028,Karnataka,Bangalore,Industrial Area,2009.0,Spring,15.61,40.92,114.69,307.85,
5029,Karnataka,Bangalore,Industrial Area,2009.0,Summer,15.32,37.87,71.93,213.81,
5030,Karnataka,Bangalore,Industrial Area,2009.0,Winter,15.29,42.52,193.68,499.3,
5031,Karnataka,Bangalore,Residential and others,2006.0,Autumn,16.64,32.24,37.98,121.75,
5032,Karnataka,Bangalore,Residential and others,2006.0,Spring,18.02,38.16,48.41,140.02,
5033,Karnataka,Bangalore,Residential and others,2006.0,Summer,17.21,33.49,41.27,128.88,
5034,Karnataka,Bangalore,Residential and others,2006.0,Winter,17.74,39.18,60.62,177.44,
5035,Karnataka,Bangalore,Residential and others,2007.0,Autumn,16.07,39.44,65.22,189.55,
5036,Karnataka,Bangalore,Residential and others,2007.0,Spring,17.1,38.06,71.44,203.62,
5037,Karnataka,Bangalore,Residential and others,2007.0,Summer,16.57,37.95,49.2,153.68,
5038,Karnataka,Bangalore,Residential and others,2007.0,Winter,17.09,38.68,64.3,187.67,
5039,Karnataka,Bangalore,Residential and others,2008.0,Autumn,15.17,42.0,105.2,303.64,
5040,Karnataka,Bangalore,Residential and others,2008.0,Spring,15.21,40.01,82.09,221.3,
5041,Karnataka,Bangalore,Residential and others,2008.0,Summer,14.38,38.94,68.79,197.67,
5042,Karnataka,Bangalore,Residential and others,2008.0,Winter,15.0,40.12,99.11,259.84,
5043,Karnataka,Bangalore,Residential and others,2009.0,Autumn,16.23,38.32,116.75,285.8,
5044,Karnataka,Bangalore,Residential and others,2009.0,Spring,15.31,40.5,172.92,392.14,
5045,Karnataka,Bangalore,Residential and others,2009.0,Summer,15.29,37.47,141.8,333.69,
5046,Karnataka,Bangalore,Residential and others,2009.0,Winter,14.81,41.61,140.66,367.74,
5082,Karnataka,Bangalore,"Residential, Rural and other Areas",2001.0,Autumn,8.57,20.87,,194.33,
5083,Karnataka,Bangalore,"Residential, Rural and other Areas",2001.0,Spring,31.6,24.4,,220.67,
5084,Karnataka,Bangalore,"Residential, Rural and other Areas",2001.0,Summer,9.13,16.83,,187.67,
5085,Karnataka,Bangalore,"Residential, Rural and other Areas",2001.0,Winter,35.33,38.23,,234.0,
5086,Karnataka,Bangalore,"Residential, Rural and other Areas",2002.0,Autumn,12.07,33.27,,111.67,
5087,Karnataka,Bangalore,"Residential, Rural and other Areas",2002.0,Spring,12.2,27.43,,157.0,
5088,Karnataka,Bangalore,"Residential, Rural and other Areas",2002.0,Summer,10.23,22.3,,99.0,
5089,Karnataka,Bangalore,"Residential, Rural and other Areas",2002.0,Winter,9.77,35.77,,182.67,
5090,Karnataka,Bangalore,"Residential, Rural and other Areas",2004.0,Autumn,7.09,54.85,79.54,161.82,
5091,Karnataka,Bangalore,"Residential, Rural and other Areas",2004.0,Spring,7.28,56.92,74.85,167.75,
5092,Karnataka,Bangalore,"Residential, Rural and other Areas",2004.0,Summer,7.59,56.5,65.32,146.85,
5093,Karnataka,Bangalore,"Residential, Rural and other Areas",2004.0,Winter,6.69,52.06,94.61,195.83,
5094,Karnataka,Bangalore,"Residential, Rural and other Areas",2011.0,Autumn,17.61,35.82,94.86,,
5095,Karnataka,Bangalore,"Residential, Rural and other Areas",2011.0,Spring,23.07,36.14,88.38,,
5096,Karnataka,Bangalore,"Residential, Rural and other Areas",2011.0,Summer,14.15,29.08,74.19,,
5097,Karnataka,Bangalore,"Residential, Rural and other Areas",2011.0,Winter,16.83,30.41,85.41,,
5098,Karnataka,Bangalore,"Residential, Rural and other Areas",2012.0,Autumn,14.85,30.29,162.1,,
5099,Karnataka,Bangalore,"Residential, Rural and other Areas",2012.0,Spring,15.22,31.06,101.44,,
5100,Karnataka,Bangalore,"Residential, Rural and other Areas",2012.0,Summer,16.18,31.25,125.02,,
5101,Karnataka,Bangalore,"Residential, Rural and other Areas",2012.0,Winter,15.69,30.39,124.1,,
5102,Karnataka,Bangalore,"Residential, Rural and other Areas",2013.0,Autumn,14.39,29.76,116.07,,
5103,Karnataka,Bangalore,"Residential, Rural and other Areas",2013.0,Spring,14.58,29.19,148.72,,
5104,Karnataka,Bangalore,"Residential, Rural and other Areas",2013.0,Summer,13.95,29.36,115.0,,
5105,Karnataka,Bangalore,"Residential, Rural and other Areas",2013.0,Winter,14.75,29.46,164.65,,
5106,Karnataka,Bangalore,"Residential, Rural and other Areas",2014.0,Autumn,13.36,39.25,182.29,,
5107,Karnataka,Bangalore,"Residential, Rural and other Areas",2014.0,Spring,14.62,29.96,174.54,,
5108,Karnataka,Bangalore,"Residential, Rural and other Areas",2014.0,Summer,13.3,31.36,156.09,,
5109,Karnataka,Bangalore,"Residential, Rural and other Areas",2014.0,Winter,13.22,28.64,192.4,,
5110,Karnataka,Bangalore,"Residential, Rural and other Areas",2015.0,Autumn,3.22,15.98,85.88,,
5111,Karnataka,Bangalore,"Residential, Rural and other Areas",2015.0,Spring,6.2,22.89,146.55,,
5112,Karnataka,Bangalore,"Residential, Rural and other Areas",2015.0,Summer,5.57,16.57,109.38,,
5113,Karnataka,Bangalore,"Residential, Rural and other Areas",2015.0,Winter,4.9,27.95,182.11,,
5114,Karnataka,Bangalore,Sensitive Area,2004.0,Autumn,7.3,48.6,52.39,119.85,
5115,Karnataka,Bangalore,Sensitive Area,2004.0,Spring,8.0,54.0,58.89,111.0,
5116,Karnataka,Bangalore,Sensitive Area,2004.0,Summer,8.0,51.33,57.11,140.0,
5117,Karnataka,Bangalore,Sensitive Area,2004.0,Winter,7.71,51.71,71.95,169.0,
5118,Karnataka,Bangalore,Sensitive Area,2011.0,Autumn,10.43,23.05,47.45,,
5119,Karnataka,Bangalore,Sensitive Area,2011.0,Spring,9.65,18.86,38.46,,
5120,Karnataka,Bangalore,Sensitive Area,2011.0,Summer,9.38,21.64,36.28,,
5121,Karnataka,Bangalore,Sensitive Area,2011.0,Winter,9.06,21.45,42.39,,
5122,Karnataka,Bangalore,Sensitive Area,2012.0,Autumn,9.75,23.23,82.36,,
5123,Karnataka,Bangalore,Sensitive Area,2012.0,Spring,10.16,23.86,65.57,,
5124,Karnataka,Bangalore,Sensitive Area,2012.0,Summer,9.42,23.53,68.32,,
5125,Karnataka,Bangalore,Sensitive Area,2012.0,Winter,9.17,22.05,62.56,,
5126,Karnataka,Bangalore,Sensitive Area,2013.0,Autumn,10.36,23.39,70.0,,
5127,Karnataka,Bangalore,Sensitive Area,2013.0,Spring,11.65,26.1,88.35,,
5128,Karnataka,Bangalore,Sensitive Area,2013.0,Summer,10.57,23.67,73.39,,
5129,Karnataka,Bangalore,Sensitive Area,2013.0,Winter,10.82,25.61,89.67,,
5130,Karnataka,Bangalore,Sensitive Area,2014.0,Autumn,9.69,25.38,73.61,,
5131,Karnataka,Bangalore,Sensitive Area,2014.0,Spring,10.26,24.21,92.45,,
5132,Karnataka,Bangalore,Sensitive Area,2014.0,Summer,9.7,21.6,75.09,,
5133,Karnataka,Bangalore,Sensitive Area,2014.0,Winter,9.18,22.24,94.34,,
5134,Karnataka,Bangalore,Sensitive Area,2015.0,Autumn,3.26,18.09,69.94,,
5135,Karnataka,Bangalore,Sensitive Area,2015.0,Spring,7.42,23.79,113.39,,
5136,Karnataka,Bangalore,Sensitive Area,2015.0,Summer,5.44,16.7,73.07,,
5137,Karnataka,Bangalore,Sensitive Area,2015.0,Winter,6.73,27.46,172.06,,
5138,Karnataka,Bangalore,Sensitive Area,2005.0,Autumn,13.84,39.48,57.16,122.64,
5139,Karnataka,Bangalore,Sensitive Area,2005.0,Spring,7.2,40.92,60.04,134.65,
5140,Karnataka,Bangalore,Sensitive Area,2005.0,Summer,7.25,36.83,50.62,110.69,
5141,Karnataka,Bangalore,Sensitive Area,2005.0,Winter,7.81,49.23,57.44,138.07,
5142,Karnataka,Bangalore,Sensitive Area,2006.0,Autumn,15.73,31.78,58.38,167.92,
5143,Karnataka,Bangalore,Sensitive Area,2006.0,Spring,21.65,39.14,73.62,195.5,
5144,Karnataka,Bangalore,Sensitive Area,2006.0,Summer,19.23,36.46,57.28,146.39,
5145,Karnataka,Bangalore,Sensitive Area,2006.0,Winter,17.38,35.06,77.2,201.2,
5146,Karnataka,Bangalore,Sensitive Area,2007.0,Autumn,16.08,38.71,72.0,207.03,
5147,Karnataka,Bangalore,Sensitive Area,2007.0,Spring,17.83,38.88,69.78,203.81,
5148,Karnataka,Bangalore,Sensitive Area,2007.0,Summer,16.12,37.35,56.78,174.7,
5149,Karnataka,Bangalore,Sensitive Area,2007.0,Winter,16.87,38.61,68.32,202.29,
5150,Karnataka,Bangalore,Sensitive Area,2008.0,Autumn,15.24,42.22,72.84,215.35,
5151,Karnataka,Bangalore,Sensitive Area,2008.0,Spring,15.17,40.02,64.2,204.76,
5152,Karnataka,Bangalore,Sensitive Area,2008.0,Summer,14.32,39.06,53.65,180.0,
5153,Karnataka,Bangalore,Sensitive Area,2008.0,Winter,15.38,39.92,69.39,208.93,
5154,Karnataka,Bangalore,Sensitive Area,2009.0,Autumn,14.84,35.26,69.62,181.52,
5155,Karnataka,Bangalore,Sensitive Area,2009.0,Spring,14.99,41.0,73.14,205.55,
5156,Karnataka,Bangalore,Sensitive Area,2009.0,Summer,13.88,35.23,39.76,126.84,
5157,Karnataka,Bangalore,Sensitive Area,2009.0,Winter,13.82,39.85,65.47,198.59,
5158,Karnataka,Belgaum,Industrial Area,2011.0,Autumn,2.0,13.22,42.0,,
5159,Karnataka,Belgaum,Industrial Area,2011.0,Spring,2.0,15.69,44.92,,
5160,Karnataka,Belgaum,Industrial Area,2011.0,Summer,2.0,12.83,28.62,,
5161,Karnataka,Belgaum,Industrial Area,2011.0,Winter,2.0,15.55,48.36,,
5162,Karnataka,Belgaum,Industrial Area,2013.0,Autumn,2.0,11.96,70.78,,
5163,Karnataka,Belgaum,Industrial Area,2013.0,Spring,2.0,23.72,75.94,,
5164,Karnataka,Belgaum,Industrial Area,2013.0,Summer,2.0,21.11,64.05,,
5165,Karnataka,Belgaum,Industrial Area,2013.0,Winter,2.0,20.48,83.17,,
5166,Karnataka,Belgaum,Industrial Area,2014.0,Autumn,2.0,7.39,67.5,,
5167,Karnataka,Belgaum,Industrial Area,2014.0,Spring,2.0,9.0,69.14,,
5168,Karnataka,Belgaum,Industrial Area,2014.0,Summer,2.0,8.94,83.89,,
5169,Karnataka,Belgaum,Industrial Area,2014.0,Winter,2.0,8.64,79.0,,
5170,Karnataka,Belgaum,Industrial Area,2015.0,Autumn,2.0,15.42,60.04,,
5171,Karnataka,Belgaum,Industrial Area,2015.0,Spring,2.0,9.47,64.18,,
5172,Karnataka,Belgaum,Industrial Area,2015.0,Summer,2.06,16.88,54.53,,
5173,Karnataka,Belgaum,Industrial Area,2015.0,Winter,2.0,21.67,95.44,,
5174,Karnataka,Belgaum,Industrial Area,2005.0,Autumn,4.68,23.36,31.55,31.55,
5175,Karnataka,Belgaum,Industrial Area,2005.0,Spring,4.16,13.74,37.5,37.5,
5176,Karnataka,Belgaum,Industrial Area,2005.0,Summer,4.06,13.7,28.0,28.0,
5177,Karnataka,Belgaum,Industrial Area,2005.0,Winter,3.5,15.71,39.11,39.11,
5178,Karnataka,Belgaum,Industrial Area,2006.0,Autumn,2.74,12.9,27.87,55.22,
5179,Karnataka,Belgaum,Industrial Area,2006.0,Spring,2.94,14.31,29.5,59.11,
5180,Karnataka,Belgaum,Industrial Area,2006.0,Summer,3.15,14.59,22.68,43.04,
5181,Karnataka,Belgaum,Industrial Area,2006.0,Winter,4.23,16.38,37.0,78.86,
5182,Karnataka,Belgaum,Industrial Area,2007.0,Autumn,2.4,13.31,40.84,94.89,
5183,Karnataka,Belgaum,Industrial Area,2007.0,Spring,2.4,20.92,40.0,91.3,
5184,Karnataka,Belgaum,Industrial Area,2007.0,Summer,5.7,22.18,23.55,46.27,
5185,Karnataka,Belgaum,Industrial Area,2007.0,Winter,2.63,13.51,42.53,107.21,
5186,Karnataka,Belgaum,Industrial Area,2008.0,Autumn,,12.8,34.91,67.95,
5187,Karnataka,Belgaum,Industrial Area,2008.0,Spring,,15.24,32.64,77.36,
5188,Karnataka,Belgaum,Industrial Area,2008.0,Summer,,12.17,24.7,54.87,
5189,Karnataka,Belgaum,Industrial Area,2008.0,Winter,,14.31,38.89,82.93,
5190,Karnataka,Belgaum,Industrial Area,2009.0,Autumn,,15.06,31.57,59.24,
5191,Karnataka,Belgaum,Industrial Area,2009.0,Spring,,14.78,30.78,78.96,
5192,Karnataka,Belgaum,Industrial Area,2009.0,Summer,,13.07,21.21,44.32,
5193,Karnataka,Belgaum,Industrial Area,2009.0,Winter,,15.99,39.93,92.53,
5194,Karnataka,Bidar,"Residential, Rural and other Areas",2013.0,Autumn,5.95,12.84,69.63,,
5195,Karnataka,Bidar,"Residential, Rural and other Areas",2013.0,Spring,6.33,12.67,74.0,,
5196,Karnataka,Bidar,"Residential, Rural and other Areas",2013.0,Summer,5.9,11.9,59.4,,
5197,Karnataka,Bidar,"Residential, Rural and other Areas",2013.0,Winter,5.86,14.29,68.71,,
5198,Karnataka,Bidar,"Residential, Rural and other Areas",2014.0,Autumn,6.0,14.0,59.0,,
5199,Karnataka,Bidar,"Residential, Rural and other Areas",2014.0,Spring,6.38,13.5,63.0,,
5200,Karnataka,Bidar,"Residential, Rural and other Areas",2014.0,Summer,7.0,13.0,63.5,,
5201,Karnataka,Bidar,"Residential, Rural and other Areas",2014.0,Winter,6.08,14.08,61.5,,
5202,Karnataka,Bidar,"Residential, Rural and other Areas",2015.0,Spring,6.0,12.38,58.88,,
5203,Karnataka,Bidar,"Residential, Rural and other Areas",2015.0,Winter,6.06,13.94,58.88,,
5204,Karnataka,Bijapur,"Residential, Rural and other Areas",2015.0,Autumn,2.0,20.96,87.52,,
5205,Karnataka,Bijapur,"Residential, Rural and other Areas",2015.0,Spring,2.24,10.94,134.94,,
5206,Karnataka,Bijapur,"Residential, Rural and other Areas",2015.0,Summer,2.71,12.94,73.0,,
5207,Karnataka,Bijapur,"Residential, Rural and other Areas",2015.0,Winter,2.0,22.0,112.78,,
5274,Karnataka,Gulbarga,Residential and others,2005.0,Winter,7.2,23.5,114.0,366.0,
5275,Karnataka,Gulbarga,Residential and others,2006.0,Autumn,2.81,12.78,62.05,142.9,
5276,Karnataka,Gulbarga,Residential and others,2006.0,Spring,2.82,13.13,72.42,202.88,
5277,Karnataka,Gulbarga,Residential and others,2006.0,Summer,2.89,11.56,63.86,172.79,
5278,Karnataka,Gulbarga,Residential and others,2006.0,Winter,3.62,13.9,82.77,225.41,
5279,Karnataka,Gulbarga,Residential and others,2007.0,Autumn,2.66,13.14,74.2,190.32,
5280,Karnataka,Gulbarga,Residential and others,2007.0,Spring,2.95,14.2,92.0,257.45,
5281,Karnataka,Gulbarga,Residential and others,2007.0,Summer,2.7,11.48,55.7,163.11,
5282,Karnataka,Gulbarga,Residential and others,2007.0,Winter,3.07,15.95,99.12,259.08,
5283,Karnataka,Gulbarga,Residential and others,2008.0,Autumn,2.49,13.12,71.31,192.81,
5284,Karnataka,Gulbarga,Residential and others,2008.0,Spring,2.55,13.36,66.69,224.19,
5285,Karnataka,Gulbarga,Residential and others,2008.0,Summer,2.48,13.84,70.22,198.52,
5286,Karnataka,Gulbarga,Residential and others,2008.0,Winter,2.59,14.36,75.74,229.0,
5287,Karnataka,Gulbarga,Residential and others,2009.0,Autumn,2.48,12.3,62.59,163.41,
5288,Karnataka,Gulbarga,Residential and others,2009.0,Spring,2.92,15.94,89.44,224.07,
5289,Karnataka,Gulbarga,Residential and others,2009.0,Summer,2.6,12.53,69.76,180.66,
5290,Karnataka,Gulbarga,Residential and others,2009.0,Winter,2.61,13.33,71.33,179.44,
5291,Karnataka,Gulbarga,Sensitive Area,2011.0,Autumn,4.19,13.75,49.25,,
5292,Karnataka,Gulbarga,Sensitive Area,2011.0,Spring,3.35,11.3,78.7,,
5293,Karnataka,Gulbarga,Sensitive Area,2011.0,Summer,3.57,11.67,57.14,,
5294,Karnataka,Gulbarga,Sensitive Area,2011.0,Winter,3.4,11.3,68.2,,
5295,Karnataka,Gulbarga,Sensitive Area,2012.0,Autumn,2.67,10.75,92.0,,
5296,Karnataka,Gulbarga,Sensitive Area,2012.0,Spring,3.44,11.81,61.06,,
5297,Karnataka,Gulbarga,Sensitive Area,2012.0,Summer,3.3,9.65,54.65,,
5298,Karnataka,Gulbarga,Sensitive Area,2012.0,Winter,3.0,12.45,62.25,,
5299,Karnataka,Gulbarga,Sensitive Area,2013.0,Autumn,3.19,12.0,63.62,,
5300,Karnataka,Gulbarga,Sensitive Area,2013.0,Spring,2.8,14.12,111.96,,
5301,Karnataka,Gulbarga,Sensitive Area,2013.0,Summer,2.52,13.74,59.48,,
5302,Karnataka,Gulbarga,Sensitive Area,2013.0,Winter,2.94,14.78,114.67,,
5303,Karnataka,Gulbarga,Sensitive Area,2014.0,Autumn,5.88,13.67,75.42,,
5304,Karnataka,Gulbarga,Sensitive Area,2014.0,Spring,4.28,12.0,93.0,,
5305,Karnataka,Gulbarga,Sensitive Area,2014.0,Summer,4.23,8.91,48.64,,
5306,Karnataka,Gulbarga,Sensitive Area,2014.0,Winter,4.14,13.0,104.36,,
5307,Karnataka,Gulbarga,Sensitive Area,2015.0,Autumn,,,63.35,,
5308,Karnataka,Gulbarga,Sensitive Area,2015.0,Spring,2.93,24.33,146.13,,
5309,Karnataka,Gulbarga,Sensitive Area,2015.0,Summer,2.85,23.0,49.5,,
5310,Karnataka,Gulbarga,Sensitive Area,2015.0,Winter,4.36,18.09,144.79,,
5311,Karnataka,Hassan,Residential and others,2005.0,Autumn,5.36,25.84,88.35,227.4,
5312,Karnataka,Hassan,Residential and others,2005.0,Spring,6.15,25.25,148.35,359.94,
5313,Karnataka,Hassan,Residential and others,2005.0,Summer,5.62,23.47,97.7,264.2,
5314,Karnataka,Hassan,Residential and others,2005.0,Winter,6.37,26.9,109.7,277.25,
5315,Karnataka,Hassan,Residential and others,2006.0,Autumn,5.52,21.75,65.73,156.0,
5316,Karnataka,Hassan,Residential and others,2006.0,Spring,5.9,24.93,59.17,163.38,
5317,Karnataka,Hassan,Residential and others,2006.0,Summer,5.19,20.44,59.93,151.93,
5318,Karnataka,Hassan,Residential and others,2006.0,Winter,5.55,24.01,65.78,174.7,
5319,Karnataka,Hassan,Residential and others,2007.0,Autumn,4.25,18.46,54.63,115.19,
5320,Karnataka,Hassan,Residential and others,2007.0,Spring,4.26,19.34,66.59,135.55,
5321,Karnataka,Hassan,Residential and others,2007.0,Summer,4.14,18.89,56.23,118.65,
5322,Karnataka,Hassan,Residential and others,2007.0,Winter,4.31,20.42,69.76,145.72,
5323,Karnataka,Hassan,Residential and others,2008.0,Autumn,4.28,20.25,50.57,128.96,
5324,Karnataka,Hassan,Residential and others,2008.0,Spring,4.26,18.66,52.36,131.07,
5325,Karnataka,Hassan,Residential and others,2008.0,Summer,4.26,20.49,47.46,118.42,
5326,Karnataka,Hassan,Residential and others,2008.0,Winter,4.25,19.3,48.81,113.15,
5327,Karnataka,Hassan,Residential and others,2009.0,Autumn,4.51,21.8,48.5,124.55,
5328,Karnataka,Hassan,Residential and others,2009.0,Spring,4.6,21.91,48.04,129.89,
5329,Karnataka,Hassan,Residential and others,2009.0,Summer,4.34,21.73,39.63,97.83,
5330,Karnataka,Hassan,Residential and others,2009.0,Winter,4.36,22.33,47.07,124.33,
5331,Karnataka,Hassan,"Residential, Rural and other Areas",2011.0,Autumn,5.04,21.3,41.85,,
5332,Karnataka,Hassan,"Residential, Rural and other Areas",2011.0,Spring,5.3,25.44,52.33,,
5333,Karnataka,Hassan,"Residential, Rural and other Areas",2011.0,Summer,5.14,25.72,38.69,,
5334,Karnataka,Hassan,"Residential, Rural and other Areas",2011.0,Winter,5.25,22.83,52.67,,
5335,Karnataka,Hassan,"Residential, Rural and other Areas",2012.0,Autumn,5.0,17.9,34.24,,
5336,Karnataka,Hassan,"Residential, Rural and other Areas",2012.0,Spring,5.0,17.11,36.56,,
5337,Karnataka,Hassan,"Residential, Rural and other Areas",2012.0,Summer,5.0,17.4,33.76,,
5338,Karnataka,Hassan,"Residential, Rural and other Areas",2012.0,Winter,5.0,17.24,39.0,,
5339,Karnataka,Hassan,"Residential, Rural and other Areas",2013.0,Autumn,5.17,18.17,24.42,,
5340,Karnataka,Hassan,"Residential, Rural and other Areas",2013.0,Spring,5.21,18.38,25.83,,
5341,Karnataka,Hassan,"Residential, Rural and other Areas",2013.0,Summer,5.03,18.1,24.52,,
5342,Karnataka,Hassan,"Residential, Rural and other Areas",2013.0,Winter,5.13,18.22,29.57,,
5343,Karnataka,Hassan,"Residential, Rural and other Areas",2014.0,Autumn,5.9,19.0,24.74,,
5344,Karnataka,Hassan,"Residential, Rural and other Areas",2014.0,Spring,5.89,19.0,25.64,,
5345,Karnataka,Hassan,"Residential, Rural and other Areas",2014.0,Summer,5.86,18.96,23.89,,
5346,Karnataka,Hassan,"Residential, Rural and other Areas",2014.0,Winter,5.74,18.96,24.78,,
5347,Karnataka,Hassan,"Residential, Rural and other Areas",2015.0,Autumn,6.04,19.25,25.21,,
5348,Karnataka,Hassan,"Residential, Rural and other Areas",2015.0,Spring,6.0,19.0,24.26,,
5349,Karnataka,Hassan,"Residential, Rural and other Areas",2015.0,Summer,6.0,19.26,24.04,,
5350,Karnataka,Hassan,"Residential, Rural and other Areas",2015.0,Winter,5.92,19.88,26.12,,
5367,Karnataka,Hubli-Dharwad,Industrial Area,2005.0,Autumn,6.1,11.11,52.64,95.14,
5368,Karnataka,Hubli-Dharwad,Industrial Area,2005.0,Spring,4.13,9.0,46.28,99.39,
5369,Karnataka,Hubli-Dharwad,Industrial Area,2005.0,Summer,4.59,10.12,31.82,59.95,
5370,Karnataka,Hubli-Dharwad,Industrial Area,2005.0,Winter,5.18,11.56,48.29,93.29,
5371,Karnataka,Hubli-Dharwad,Industrial Area,2006.0,Autumn,2.8,8.62,57.06,122.78,
5372,Karnataka,Hubli-Dharwad,Industrial Area,2006.0,Spring,2.82,6.33,46.15,93.45,
5373,Karnataka,Hubli-Dharwad,Industrial Area,2006.0,Summer,3.6,6.58,38.69,83.73,
5374,Karnataka,Hubli-Dharwad,Industrial Area,2006.0,Winter,2.78,5.3,42.81,93.0,
5375,Karnataka,Hubli-Dharwad,Industrial Area,2007.0,Autumn,3.57,7.53,82.35,162.3,
5376,Karnataka,Hubli-Dharwad,Industrial Area,2007.0,Spring,3.5,6.68,94.05,174.52,
5377,Karnataka,Hubli-Dharwad,Industrial Area,2007.0,Summer,4.12,7.37,93.11,175.63,
5378,Karnataka,Hubli-Dharwad,Industrial Area,2007.0,Winter,3.94,6.77,89.22,179.39,
5379,Karnataka,Hubli-Dharwad,Industrial Area,2008.0,Autumn,4.23,12.6,94.55,200.09,
5380,Karnataka,Hubli-Dharwad,Industrial Area,2008.0,Spring,3.96,13.1,112.81,219.38,
5381,Karnataka,Hubli-Dharwad,Industrial Area,2008.0,Summer,3.52,10.85,90.27,200.55,
5382,Karnataka,Hubli-Dharwad,Industrial Area,2008.0,Winter,5.1,12.3,105.12,224.44,
5383,Karnataka,Hubli-Dharwad,Industrial Area,2009.0,Autumn,3.77,12.76,132.96,271.83,
5384,Karnataka,Hubli-Dharwad,Industrial Area,2009.0,Spring,3.64,13.07,115.32,247.79,
5385,Karnataka,Hubli-Dharwad,Industrial Area,2009.0,Summer,3.46,11.41,103.13,225.91,
5386,Karnataka,Hubli-Dharwad,Industrial Area,2009.0,Winter,3.95,14.16,119.67,245.8,
5387,Karnataka,Hubli-Dharwad,Residential and others,2005.0,Autumn,7.0,10.8,80.58,253.63,
5388,Karnataka,Hubli-Dharwad,Residential and others,2005.0,Spring,5.06,10.27,83.33,239.42,
5389,Karnataka,Hubli-Dharwad,Residential and others,2005.0,Summer,4.0,8.53,37.17,105.08,
5390,Karnataka,Hubli-Dharwad,Residential and others,2005.0,Winter,7.11,10.9,101.95,289.33,
5391,Karnataka,Hubli-Dharwad,Residential and others,2006.0,Autumn,3.22,8.32,59.55,213.64,
5392,Karnataka,Hubli-Dharwad,Residential and others,2006.0,Spring,3.49,11.57,74.12,231.04,
5393,Karnataka,Hubli-Dharwad,Residential and others,2006.0,Summer,3.2,7.13,41.08,137.71,
5394,Karnataka,Hubli-Dharwad,Residential and others,2006.0,Winter,3.49,8.58,96.46,280.12,
5395,Karnataka,Hubli-Dharwad,Residential and others,2007.0,Autumn,3.68,7.36,123.33,222.75,
5396,Karnataka,Hubli-Dharwad,Residential and others,2007.0,Spring,3.84,7.81,158.12,285.36,
5397,Karnataka,Hubli-Dharwad,Residential and others,2007.0,Summer,4.73,7.11,141.14,237.79,
5398,Karnataka,Hubli-Dharwad,Residential and others,2007.0,Winter,4.51,7.47,157.92,308.81,
5399,Karnataka,Hubli-Dharwad,Residential and others,2008.0,Autumn,4.1,12.13,87.92,198.42,
5400,Karnataka,Hubli-Dharwad,Residential and others,2008.0,Spring,3.7,12.62,125.7,247.0,
5401,Karnataka,Hubli-Dharwad,Residential and others,2008.0,Summer,3.18,11.06,89.91,201.09,
5402,Karnataka,Hubli-Dharwad,Residential and others,2008.0,Winter,4.58,12.6,121.48,246.14,
5403,Karnataka,Hubli-Dharwad,Residential and others,2009.0,Autumn,3.75,11.91,117.38,251.58,
5404,Karnataka,Hubli-Dharwad,Residential and others,2009.0,Spring,3.64,12.93,88.26,195.91,
5405,Karnataka,Hubli-Dharwad,Residential and others,2009.0,Summer,3.2,11.49,89.56,205.72,
5406,Karnataka,Hubli-Dharwad,Residential and others,2009.0,Winter,3.94,13.69,87.62,192.0,
5428,Karnataka,Mangalore,Industrial Area,2011.0,Autumn,6.12,7.32,47.16,,
5429,Karnataka,Mangalore,Industrial Area,2011.0,Spring,7.16,8.72,59.08,,
5430,Karnataka,Mangalore,Industrial Area,2011.0,Summer,7.23,8.69,47.69,,
5431,Karnataka,Mangalore,Industrial Area,2011.0,Winter,7.17,9.96,67.48,,
5432,Karnataka,Mangalore,Industrial Area,2012.0,Autumn,5.96,7.35,27.26,,
5433,Karnataka,Mangalore,Industrial Area,2012.0,Spring,6.37,8.3,34.0,,
5434,Karnataka,Mangalore,Industrial Area,2012.0,Summer,5.38,6.69,28.35,,
5435,Karnataka,Mangalore,Industrial Area,2012.0,Winter,6.86,6.93,32.29,,
5436,Karnataka,Mangalore,Industrial Area,2013.0,Autumn,8.18,6.23,35.77,,
5437,Karnataka,Mangalore,Industrial Area,2013.0,Spring,8.67,6.67,32.5,,
5438,Karnataka,Mangalore,Industrial Area,2013.0,Summer,7.25,6.83,30.33,,
5439,Karnataka,Mangalore,Industrial Area,2013.0,Winter,7.77,6.73,28.27,,
5440,Karnataka,Mangalore,Industrial Area,2014.0,Autumn,7.77,7.23,32.68,,
5441,Karnataka,Mangalore,Industrial Area,2014.0,Spring,7.25,6.42,31.04,,
5442,Karnataka,Mangalore,Industrial Area,2014.0,Summer,7.42,6.75,28.88,,
5443,Karnataka,Mangalore,Industrial Area,2014.0,Winter,8.33,7.33,34.96,,
5444,Karnataka,Mangalore,Industrial Area,2015.0,Autumn,7.41,6.95,35.0,,
5445,Karnataka,Mangalore,Industrial Area,2015.0,Spring,7.54,7.25,36.71,,
5446,Karnataka,Mangalore,Industrial Area,2015.0,Summer,6.0,5.96,30.12,,
5447,Karnataka,Mangalore,Industrial Area,2015.0,Winter,8.88,7.64,40.32,,
5448,Karnataka,Mangalore,Industrial Area,2005.0,Winter,12.8,31.37,89.0,279.0,
5449,Karnataka,Mangalore,Industrial Area,2006.0,Autumn,7.68,6.7,45.92,105.92,
5450,Karnataka,Mangalore,Industrial Area,2006.0,Spring,7.23,7.47,50.07,189.56,
5451,Karnataka,Mangalore,Industrial Area,2006.0,Summer,6.99,7.85,40.96,96.37,
5452,Karnataka,Mangalore,Industrial Area,2006.0,Winter,8.83,10.47,71.13,211.91,
5453,Karnataka,Mangalore,Industrial Area,2007.0,Autumn,7.17,6.89,55.15,104.74,
5454,Karnataka,Mangalore,Industrial Area,2007.0,Spring,7.46,7.14,67.15,145.78,
5455,Karnataka,Mangalore,Industrial Area,2007.0,Summer,7.53,6.71,49.71,101.64,
5456,Karnataka,Mangalore,Industrial Area,2007.0,Winter,7.28,6.54,80.21,154.33,
5457,Karnataka,Mangalore,Industrial Area,2008.0,Autumn,7.53,6.78,51.96,103.5,
5458,Karnataka,Mangalore,Industrial Area,2008.0,Spring,7.27,6.51,63.15,125.48,
5459,Karnataka,Mangalore,Industrial Area,2008.0,Summer,7.24,6.07,50.08,97.76,
5460,Karnataka,Mangalore,Industrial Area,2008.0,Winter,7.57,6.69,72.37,141.93,
5461,Karnataka,Mangalore,Industrial Area,2009.0,Autumn,5.28,5.77,33.0,68.62,
5462,Karnataka,Mangalore,Industrial Area,2009.0,Spring,7.13,6.11,42.73,92.19,
5463,Karnataka,Mangalore,Industrial Area,2009.0,Summer,7.43,6.07,34.74,76.0,
5464,Karnataka,Mangalore,Industrial Area,2009.0,Winter,6.98,5.91,54.32,111.16,
5612,Karnataka,Raichur,"Residential, Rural and other Areas",2013.0,Autumn,9.32,14.14,92.27,,
5613,Karnataka,Raichur,"Residential, Rural and other Areas",2013.0,Spring,8.19,11.38,66.12,,
5614,Karnataka,Raichur,"Residential, Rural and other Areas",2013.0,Summer,8.29,11.95,59.95,,
5615,Karnataka,Raichur,"Residential, Rural and other Areas",2013.0,Winter,9.38,12.85,102.77,,
5616,Karnataka,Raichur,"Residential, Rural and other Areas",2015.0,Spring,5.69,10.08,94.65,,
5617,Karnataka,Raichur,"Residential, Rural and other Areas",2015.0,Summer,6.39,11.89,79.83,,
5618,Karnataka,Raichur,"Residential, Rural and other Areas",2015.0,Winter,5.81,8.5,103.0,,
5631,Karnataka,Shimoga,Industrial Area,2013.0,Autumn,5.15,8.22,41.7,,
5632,Karnataka,Shimoga,Industrial Area,2013.0,Spring,5.19,8.52,60.15,,
5633,Karnataka,Shimoga,Industrial Area,2013.0,Summer,5.52,8.6,39.32,,
5634,Karnataka,Shimoga,Industrial Area,2013.0,Winter,5.67,8.75,62.83,,
5635,Karnataka,Shimoga,Industrial Area,2014.0,Autumn,4.26,7.44,35.78,,
5636,Karnataka,Shimoga,Industrial Area,2014.0,Spring,5.19,8.42,46.35,,
5637,Karnataka,Shimoga,Industrial Area,2014.0,Summer,4.36,7.71,38.79,,
5638,Karnataka,Shimoga,Industrial Area,2014.0,Winter,4.35,7.39,47.17,,
5639,Karnataka,Shimoga,Industrial Area,2015.0,Autumn,2.28,5.44,31.84,,
5640,Karnataka,Shimoga,Industrial Area,2015.0,Spring,3.28,5.84,48.96,,
5641,Karnataka,Shimoga,Industrial Area,2015.0,Summer,2.52,5.59,25.41,,
5642,Karnataka,Shimoga,Industrial Area,2015.0,Winter,4.36,7.44,39.0,,
5643,Karnataka,Tumkur,"Residential, Rural and other Areas",2014.0,Autumn,8.7,19.08,102.78,,
5644,Karnataka,Tumkur,"Residential, Rural and other Areas",2014.0,Spring,11.15,17.33,116.74,,
5645,Karnataka,Tumkur,"Residential, Rural and other Areas",2014.0,Summer,8.35,13.65,103.38,,
5646,Karnataka,Tumkur,"Residential, Rural and other Areas",2014.0,Winter,10.38,19.29,135.92,,
5647,Karnataka,Tumkur,"Residential, Rural and other Areas",2015.0,Autumn,3.2,17.24,109.28,,
5648,Karnataka,Tumkur,"Residential, Rural and other Areas",2015.0,Spring,6.16,22.16,143.52,,
5649,Karnataka,Tumkur,"Residential, Rural and other Areas",2015.0,Summer,6.44,18.89,196.56,,
5650,Karnataka,Tumkur,"Residential, Rural and other Areas",2015.0,Winter,4.58,27.85,127.77,,
5651,Kerala,Alappuzha,Industrial Area,2010.0,Autumn,2.0,5.0,36.29,,
5652,Kerala,Alappuzha,Industrial Area,2010.0,Spring,2.0,5.09,54.86,,
5653,Kerala,Alappuzha,Industrial Area,2010.0,Summer,2.0,5.09,43.45,,
5654,Kerala,Alappuzha,Industrial Area,2010.0,Winter,2.0,5.17,62.0,,
5655,Kerala,Alappuzha,Industrial Area,2011.0,Autumn,2.0,5.0,40.7,,
5656,Kerala,Alappuzha,Industrial Area,2011.0,Spring,2.0,5.0,48.07,,
5657,Kerala,Alappuzha,Industrial Area,2011.0,Summer,2.0,5.0,34.81,,
5658,Kerala,Alappuzha,Industrial Area,2011.0,Winter,2.0,5.0,54.48,,
5659,Kerala,Alappuzha,Industrial Area,2012.0,Autumn,2.0,4.5,47.28,,
5660,Kerala,Alappuzha,Industrial Area,2012.0,Spring,2.0,4.5,65.24,,
5661,Kerala,Alappuzha,Industrial Area,2012.0,Summer,2.0,4.5,46.82,,
5662,Kerala,Alappuzha,Industrial Area,2012.0,Winter,2.0,4.5,53.67,,
5663,Kerala,Alappuzha,Industrial Area,2013.0,Autumn,2.0,4.5,46.67,,
5664,Kerala,Alappuzha,Industrial Area,2013.0,Spring,2.0,4.5,50.42,,
5665,Kerala,Alappuzha,Industrial Area,2013.0,Summer,2.0,4.5,47.5,,
5666,Kerala,Alappuzha,Industrial Area,2013.0,Winter,2.0,4.5,45.08,,
5667,Kerala,Alappuzha,Industrial Area,2014.0,Autumn,3.18,4.76,41.94,,
5668,Kerala,Alappuzha,Industrial Area,2014.0,Spring,6.56,4.09,33.59,,
5669,Kerala,Alappuzha,Industrial Area,2014.0,Summer,6.27,4.1,32.93,,
5670,Kerala,Alappuzha,Industrial Area,2014.0,Winter,5.24,4.36,40.56,,
5671,Kerala,Alappuzha,Industrial Area,2015.0,Autumn,2.0,5.0,48.13,,
5672,Kerala,Alappuzha,Industrial Area,2015.0,Spring,2.0,5.0,47.5,,
5673,Kerala,Alappuzha,Industrial Area,2015.0,Summer,2.0,5.0,47.77,,
5674,Kerala,Alappuzha,Industrial Area,2015.0,Winter,2.0,5.0,45.71,,
5675,Kerala,Alappuzha,"Residential, Rural and other Areas",2010.0,Autumn,2.0,5.03,35.55,,
5676,Kerala,Alappuzha,"Residential, Rural and other Areas",2010.0,Spring,2.0,5.0,44.84,,
5677,Kerala,Alappuzha,"Residential, Rural and other Areas",2010.0,Summer,2.0,5.0,26.76,,
5678,Kerala,Alappuzha,"Residential, Rural and other Areas",2010.0,Winter,2.0,5.03,51.13,,
5679,Kerala,Alappuzha,"Residential, Rural and other Areas",2011.0,Autumn,2.0,5.0,38.88,,
5680,Kerala,Alappuzha,"Residential, Rural and other Areas",2011.0,Spring,2.0,5.03,42.47,,
5681,Kerala,Alappuzha,"Residential, Rural and other Areas",2011.0,Summer,2.0,5.0,29.6,,
5682,Kerala,Alappuzha,"Residential, Rural and other Areas",2011.0,Winter,2.0,5.0,42.24,,
5683,Kerala,Alappuzha,"Residential, Rural and other Areas",2012.0,Autumn,2.0,4.5,42.61,,
5684,Kerala,Alappuzha,"Residential, Rural and other Areas",2012.0,Spring,2.0,4.5,47.71,,
5685,Kerala,Alappuzha,"Residential, Rural and other Areas",2012.0,Summer,2.0,4.5,39.11,,
5686,Kerala,Alappuzha,"Residential, Rural and other Areas",2012.0,Winter,2.0,4.5,52.33,,
5687,Kerala,Alappuzha,"Residential, Rural and other Areas",2013.0,Autumn,2.0,4.5,45.21,,
5688,Kerala,Alappuzha,"Residential, Rural and other Areas",2013.0,Spring,2.0,4.5,51.94,,
5689,Kerala,Alappuzha,"Residential, Rural and other Areas",2013.0,Summer,2.0,4.5,45.47,,
5690,Kerala,Alappuzha,"Residential, Rural and other Areas",2013.0,Winter,2.0,4.5,44.27,,
5691,Kerala,Alappuzha,"Residential, Rural and other Areas",2014.0,Autumn,2.97,4.81,43.19,,
5692,Kerala,Alappuzha,"Residential, Rural and other Areas",2014.0,Spring,6.22,4.16,36.34,,
5693,Kerala,Alappuzha,"Residential, Rural and other Areas",2014.0,Summer,6.57,4.33,30.97,,
5694,Kerala,Alappuzha,"Residential, Rural and other Areas",2014.0,Winter,5.75,4.25,37.0,,
5695,Kerala,Alappuzha,"Residential, Rural and other Areas",2015.0,Autumn,2.0,5.0,41.63,,
5696,Kerala,Alappuzha,"Residential, Rural and other Areas",2015.0,Spring,2.0,5.0,45.3,,
5697,Kerala,Alappuzha,"Residential, Rural and other Areas",2015.0,Summer,2.0,5.0,40.67,,
5698,Kerala,Alappuzha,"Residential, Rural and other Areas",2015.0,Winter,2.0,5.0,46.0,,
5810,Kerala,Kochi,Industrial Area,2010.0,Autumn,2.91,7.52,25.55,,
5811,Kerala,Kochi,Industrial Area,2010.0,Spring,2.88,7.39,34.78,,
5812,Kerala,Kochi,Industrial Area,2010.0,Summer,2.78,7.35,24.57,,
5813,Kerala,Kochi,Industrial Area,2010.0,Winter,2.85,8.68,40.8,,
5814,Kerala,Kochi,Industrial Area,2011.0,Autumn,2.9,7.17,21.77,39.83,
5815,Kerala,Kochi,Industrial Area,2011.0,Spring,2.3,7.18,23.07,44.03,
5816,Kerala,Kochi,Industrial Area,2011.0,Summer,2.5,7.38,19.77,38.59,
5817,Kerala,Kochi,Industrial Area,2011.0,Winter,2.62,8.18,29.24,50.96,
5818,Kerala,Kochi,Industrial Area,2012.0,Autumn,2.57,5.94,94.6,,
5819,Kerala,Kochi,Industrial Area,2012.0,Spring,3.18,6.82,62.54,,
5820,Kerala,Kochi,Industrial Area,2012.0,Summer,2.88,5.95,61.66,,
5821,Kerala,Kochi,Industrial Area,2012.0,Winter,3.05,8.33,53.99,,
5822,Kerala,Kochi,Industrial Area,2013.0,Autumn,2.16,4.6,90.28,,
5823,Kerala,Kochi,Industrial Area,2013.0,Spring,2.08,4.64,89.06,,
5824,Kerala,Kochi,Industrial Area,2013.0,Summer,2.16,4.89,75.11,,
5825,Kerala,Kochi,Industrial Area,2013.0,Winter,2.2,4.71,93.83,,
5826,Kerala,Kochi,Industrial Area,2014.0,Autumn,2.31,10.15,59.22,,
5827,Kerala,Kochi,Industrial Area,2014.0,Spring,2.1,9.72,74.28,,
5828,Kerala,Kochi,Industrial Area,2014.0,Summer,2.22,8.58,78.56,,
5829,Kerala,Kochi,Industrial Area,2014.0,Winter,2.03,8.13,70.0,,
5830,Kerala,Kochi,Industrial Area,2015.0,Autumn,2.01,20.44,40.05,,
5831,Kerala,Kochi,Industrial Area,2015.0,Spring,2.1,11.3,32.77,,
5832,Kerala,Kochi,Industrial Area,2015.0,Summer,2.02,13.1,27.07,,
5833,Kerala,Kochi,Industrial Area,2015.0,Winter,2.31,19.74,34.55,,
5834,Kerala,Kochi,Industrial Area,2005.0,Autumn,18.52,13.26,56.38,110.2,
5835,Kerala,Kochi,Industrial Area,2005.0,Spring,28.84,16.47,61.88,112.88,
5836,Kerala,Kochi,Industrial Area,2005.0,Summer,22.11,15.56,58.76,113.94,
5837,Kerala,Kochi,Industrial Area,2005.0,Winter,23.65,15.47,73.09,124.0,
5838,Kerala,Kochi,Industrial Area,2006.0,Autumn,21.14,10.07,69.19,118.02,
5839,Kerala,Kochi,Industrial Area,2006.0,Spring,22.8,11.3,106.18,161.44,
5840,Kerala,Kochi,Industrial Area,2006.0,Summer,32.74,13.37,64.94,116.22,
5841,Kerala,Kochi,Industrial Area,2006.0,Winter,25.64,12.37,56.71,99.14,
5842,Kerala,Kochi,Industrial Area,2007.0,Autumn,8.97,8.37,43.47,70.35,
5843,Kerala,Kochi,Industrial Area,2007.0,Spring,12.66,9.97,43.58,81.99,
5844,Kerala,Kochi,Industrial Area,2007.0,Summer,13.41,9.39,38.49,68.68,
5845,Kerala,Kochi,Industrial Area,2007.0,Winter,11.9,10.84,54.82,89.67,
5846,Kerala,Kochi,Industrial Area,2008.0,Autumn,5.49,9.74,48.22,98.6,
5847,Kerala,Kochi,Industrial Area,2008.0,Spring,6.26,9.87,45.22,76.38,
5848,Kerala,Kochi,Industrial Area,2008.0,Summer,4.88,9.99,36.28,82.75,
5849,Kerala,Kochi,Industrial Area,2008.0,Winter,6.49,11.85,48.84,89.86,
5850,Kerala,Kochi,Industrial Area,2009.0,Autumn,3.7,7.63,31.96,66.99,
5851,Kerala,Kochi,Industrial Area,2009.0,Spring,3.58,9.29,47.27,95.75,
5852,Kerala,Kochi,Industrial Area,2009.0,Summer,3.39,7.93,30.07,64.47,
5853,Kerala,Kochi,Industrial Area,2009.0,Winter,4.05,9.68,76.41,133.06,
5854,Kerala,Kochi,Residential and others,2005.0,Autumn,6.18,10.16,53.26,96.57,
5855,Kerala,Kochi,Residential and others,2005.0,Spring,,10.7,54.91,104.27,
5856,Kerala,Kochi,Residential and others,2005.0,Summer,9.74,12.81,51.77,97.36,
5857,Kerala,Kochi,Residential and others,2005.0,Winter,4.16,12.34,46.62,90.38,
5858,Kerala,Kochi,Residential and others,2006.0,Autumn,3.01,8.76,65.62,83.0,
5859,Kerala,Kochi,Residential and others,2006.0,Spring,3.85,10.3,46.72,83.0,
5860,Kerala,Kochi,Residential and others,2006.0,Summer,5.29,10.01,46.86,83.0,
5861,Kerala,Kochi,Residential and others,2006.0,Winter,9.52,8.44,50.85,83.0,
5862,Kerala,Kochi,Residential and others,2007.0,Autumn,4.31,15.36,41.83,73.76,
5863,Kerala,Kochi,Residential and others,2007.0,Spring,4.32,13.22,43.68,85.09,
5864,Kerala,Kochi,Residential and others,2007.0,Summer,3.76,14.06,37.26,69.88,
5865,Kerala,Kochi,Residential and others,2007.0,Winter,4.44,14.97,59.34,96.48,
5866,Kerala,Kochi,Residential and others,2008.0,Autumn,5.26,17.35,45.41,77.7,
5867,Kerala,Kochi,Residential and others,2008.0,Spring,4.95,18.12,39.72,71.42,
5868,Kerala,Kochi,Residential and others,2008.0,Summer,4.74,13.49,31.79,56.75,
5869,Kerala,Kochi,Residential and others,2008.0,Winter,4.87,17.67,57.78,98.24,
5870,Kerala,Kochi,Residential and others,2009.0,Autumn,4.38,13.94,40.53,61.5,
5871,Kerala,Kochi,Residential and others,2009.0,Spring,4.33,15.89,35.75,61.39,
5872,Kerala,Kochi,Residential and others,2009.0,Summer,4.63,15.66,27.57,45.94,
5873,Kerala,Kochi,Residential and others,2009.0,Winter,5.37,16.7,51.32,85.71,
5874,Kerala,Kochi,"Residential, Rural and other Areas",2010.0,Autumn,4.3,15.11,37.46,,
5875,Kerala,Kochi,"Residential, Rural and other Areas",2010.0,Spring,4.66,13.17,39.97,,
5876,Kerala,Kochi,"Residential, Rural and other Areas",2010.0,Summer,4.44,13.88,32.34,,
5877,Kerala,Kochi,"Residential, Rural and other Areas",2010.0,Winter,4.64,15.35,47.04,,
5878,Kerala,Kochi,"Residential, Rural and other Areas",2011.0,Autumn,3.34,16.03,46.7,60.95,
5879,Kerala,Kochi,"Residential, Rural and other Areas",2011.0,Spring,3.88,15.6,47.82,65.43,
5880,Kerala,Kochi,"Residential, Rural and other Areas",2011.0,Summer,3.81,16.72,37.51,51.88,
5881,Kerala,Kochi,"Residential, Rural and other Areas",2011.0,Winter,4.26,18.39,66.72,86.03,
5882,Kerala,Kochi,"Residential, Rural and other Areas",2012.0,Autumn,3.21,12.36,71.92,,
5883,Kerala,Kochi,"Residential, Rural and other Areas",2012.0,Spring,3.78,13.75,61.56,,
5884,Kerala,Kochi,"Residential, Rural and other Areas",2012.0,Summer,3.84,10.73,47.42,,
5885,Kerala,Kochi,"Residential, Rural and other Areas",2012.0,Winter,3.21,15.06,72.75,,
5886,Kerala,Kochi,"Residential, Rural and other Areas",2013.0,Autumn,2.25,7.13,57.23,,
5887,Kerala,Kochi,"Residential, Rural and other Areas",2013.0,Spring,2.29,6.95,82.52,,
5888,Kerala,Kochi,"Residential, Rural and other Areas",2013.0,Summer,2.17,6.07,61.41,,
5889,Kerala,Kochi,"Residential, Rural and other Areas",2013.0,Winter,2.78,8.11,65.36,,
5890,Kerala,Kochi,"Residential, Rural and other Areas",2014.0,Autumn,2.98,8.79,58.28,,
5891,Kerala,Kochi,"Residential, Rural and other Areas",2014.0,Spring,2.48,7.75,73.09,,
5892,Kerala,Kochi,"Residential, Rural and other Areas",2014.0,Summer,2.6,8.75,57.26,,
5893,Kerala,Kochi,"Residential, Rural and other Areas",2014.0,Winter,2.25,7.62,71.74,,
5894,Kerala,Kochi,"Residential, Rural and other Areas",2015.0,Autumn,2.05,13.46,41.65,,
5895,Kerala,Kochi,"Residential, Rural and other Areas",2015.0,Spring,2.24,5.38,48.5,,
5896,Kerala,Kochi,"Residential, Rural and other Areas",2015.0,Summer,2.74,3.08,38.04,,
5897,Kerala,Kochi,"Residential, Rural and other Areas",2015.0,Winter,3.62,10.96,55.81,,
5898,Kerala,Kollam,Industrial Area,2010.0,Autumn,2.68,8.16,24.76,,
5899,Kerala,Kollam,Industrial Area,2010.0,Spring,3.0,15.0,31.33,,
5900,Kerala,Kollam,Industrial Area,2010.0,Summer,3.54,11.85,37.31,,
5901,Kerala,Kollam,Industrial Area,2010.0,Winter,3.33,14.2,51.53,,
5902,Kerala,Kollam,Industrial Area,2011.0,Autumn,3.87,17.61,52.26,68.39,
5903,Kerala,Kollam,Industrial Area,2011.0,Spring,3.76,17.55,64.0,80.62,
5904,Kerala,Kollam,Industrial Area,2011.0,Summer,3.87,15.87,51.03,66.03,
5905,Kerala,Kollam,Industrial Area,2011.0,Winter,2.97,17.73,60.16,79.42,
5906,Kerala,Kollam,Industrial Area,2012.0,Autumn,5.4,19.69,45.38,,
5907,Kerala,Kollam,Industrial Area,2012.0,Spring,3.96,17.28,39.13,,
5908,Kerala,Kollam,Industrial Area,2012.0,Summer,4.46,19.33,40.31,,
5909,Kerala,Kollam,Industrial Area,2012.0,Winter,4.89,19.71,45.83,,
5910,Kerala,Kollam,Industrial Area,2013.0,Autumn,4.83,11.86,34.23,,
5911,Kerala,Kollam,Industrial Area,2013.0,Spring,6.42,18.94,43.74,,
5912,Kerala,Kollam,Industrial Area,2013.0,Summer,4.3,10.4,31.66,,
5913,Kerala,Kollam,Industrial Area,2013.0,Winter,5.74,16.97,48.74,,
5914,Kerala,Kollam,Industrial Area,2014.0,Autumn,5.03,10.62,36.09,,
5915,Kerala,Kollam,Industrial Area,2014.0,Spring,5.94,12.61,35.09,,
5916,Kerala,Kollam,Industrial Area,2014.0,Summer,5.0,10.82,35.43,,
5917,Kerala,Kollam,Industrial Area,2014.0,Winter,5.3,11.44,37.19,,
5918,Kerala,Kollam,Industrial Area,2015.0,Autumn,4.87,8.1,43.83,,
5919,Kerala,Kollam,Industrial Area,2015.0,Spring,6.8,12.67,42.47,,
5920,Kerala,Kollam,Industrial Area,2015.0,Summer,5.57,8.8,45.6,,
5921,Kerala,Kollam,Industrial Area,2015.0,Winter,5.03,10.73,50.73,,
5922,Kerala,Kollam,"Residential, Rural and other Areas",2010.0,Autumn,2.07,23.03,54.43,,
5923,Kerala,Kollam,"Residential, Rural and other Areas",2010.0,Spring,2.03,18.35,59.1,,
5924,Kerala,Kollam,"Residential, Rural and other Areas",2010.0,Summer,2.09,16.66,47.31,,
5925,Kerala,Kollam,"Residential, Rural and other Areas",2010.0,Winter,2.05,20.86,75.43,,
5926,Kerala,Kollam,"Residential, Rural and other Areas",2011.0,Autumn,3.31,24.31,43.4,58.97,
5927,Kerala,Kollam,"Residential, Rural and other Areas",2011.0,Spring,3.42,23.28,53.28,71.28,
5928,Kerala,Kollam,"Residential, Rural and other Areas",2011.0,Summer,3.64,21.36,51.43,68.29,
5929,Kerala,Kollam,"Residential, Rural and other Areas",2011.0,Winter,3.35,22.82,54.95,73.5,
5930,Kerala,Kollam,"Residential, Rural and other Areas",2012.0,Autumn,3.28,17.06,55.5,,
5931,Kerala,Kollam,"Residential, Rural and other Areas",2012.0,Spring,2.99,18.62,55.92,,
5932,Kerala,Kollam,"Residential, Rural and other Areas",2012.0,Summer,3.07,15.71,48.86,,
5933,Kerala,Kollam,"Residential, Rural and other Areas",2012.0,Winter,2.86,17.35,63.43,,
5934,Kerala,Kollam,"Residential, Rural and other Areas",2013.0,Autumn,3.44,8.15,32.6,,
5935,Kerala,Kollam,"Residential, Rural and other Areas",2013.0,Spring,3.29,8.86,37.93,,
5936,Kerala,Kollam,"Residential, Rural and other Areas",2013.0,Summer,2.93,7.21,21.87,,
5937,Kerala,Kollam,"Residential, Rural and other Areas",2013.0,Winter,3.25,8.1,41.43,,
5938,Kerala,Kollam,"Residential, Rural and other Areas",2014.0,Autumn,3.53,9.56,36.47,,
5939,Kerala,Kollam,"Residential, Rural and other Areas",2014.0,Spring,3.97,10.45,33.79,,
5940,Kerala,Kollam,"Residential, Rural and other Areas",2014.0,Summer,3.39,8.71,31.96,,
5941,Kerala,Kollam,"Residential, Rural and other Areas",2014.0,Winter,3.7,9.33,34.15,,
5942,Kerala,Kollam,"Residential, Rural and other Areas",2015.0,Autumn,4.47,8.73,43.5,,
5943,Kerala,Kollam,"Residential, Rural and other Areas",2015.0,Spring,4.57,12.03,44.5,,
5944,Kerala,Kollam,"Residential, Rural and other Areas",2015.0,Summer,4.73,9.97,47.5,,
5945,Kerala,Kollam,"Residential, Rural and other Areas",2015.0,Winter,4.13,9.53,51.93,,
6524,Madhya Pradesh,Bhilai,"Residential, Rural and other Areas",2001.0,Autumn,14.55,27.72,,189.0,
6525,Madhya Pradesh,Bhilai,"Residential, Rural and other Areas",2001.0,Spring,15.18,31.9,,95.5,
6526,Madhya Pradesh,Bhilai,"Residential, Rural and other Areas",2001.0,Summer,15.9,30.25,,150.0,
6527,Madhya Pradesh,Bhilai,"Residential, Rural and other Areas",2001.0,Winter,14.78,30.4,,146.25,
6528,Madhya Pradesh,Bhilai,"Residential, Rural and other Areas",2002.0,Autumn,12.53,24.85,,175.17,
6529,Madhya Pradesh,Bhilai,"Residential, Rural and other Areas",2002.0,Spring,10.17,24.97,,175.75,
6530,Madhya Pradesh,Bhilai,"Residential, Rural and other Areas",2002.0,Summer,12.52,24.22,,119.0,
6531,Madhya Pradesh,Bhilai,"Residential, Rural and other Areas",2002.0,Winter,13.63,26.62,,199.5,
6570,Madhya Pradesh,Bhopal,Industrial Area,2001.0,Autumn,21.07,23.6,,,
6571,Madhya Pradesh,Bhopal,Industrial Area,2001.0,Spring,26.03,29.9,,,
6572,Madhya Pradesh,Bhopal,Industrial Area,2001.0,Summer,20.7,23.7,,,
6573,Madhya Pradesh,Bhopal,Industrial Area,2001.0,Winter,24.23,27.43,,,
6574,Madhya Pradesh,Bhopal,Industrial Area,2002.0,Autumn,6.7,12.37,,,
6575,Madhya Pradesh,Bhopal,Industrial Area,2002.0,Spring,20.8,25.4,,,
6576,Madhya Pradesh,Bhopal,Industrial Area,2002.0,Summer,12.37,18.73,,,
6577,Madhya Pradesh,Bhopal,Industrial Area,2002.0,Winter,17.1,20.37,,,
6578,Madhya Pradesh,Bhopal,Industrial Area,2003.0,Autumn,0.0,0.0,0.0,0.0,
6579,Madhya Pradesh,Bhopal,Industrial Area,2003.0,Spring,0.0,0.0,0.0,0.0,
6580,Madhya Pradesh,Bhopal,Industrial Area,2003.0,Summer,0.0,0.0,0.0,0.0,
6581,Madhya Pradesh,Bhopal,Industrial Area,2003.0,Winter,0.0,0.0,0.0,0.0,
6582,Madhya Pradesh,Bhopal,Industrial Area,2004.0,Autumn,6.06,12.81,61.29,190.05,
6583,Madhya Pradesh,Bhopal,Industrial Area,2004.0,Spring,6.29,13.11,63.04,194.04,
6584,Madhya Pradesh,Bhopal,Industrial Area,2004.0,Summer,6.02,12.49,61.65,191.41,
6585,Madhya Pradesh,Bhopal,Industrial Area,2004.0,Winter,6.05,12.76,61.71,190.1,
6586,Madhya Pradesh,Bhopal,Industrial Area,2010.0,Autumn,4.22,11.27,73.9,153.0,
6587,Madhya Pradesh,Bhopal,Industrial Area,2010.0,Spring,6.28,14.09,140.32,360.24,
6588,Madhya Pradesh,Bhopal,Industrial Area,2010.0,Summer,6.6,13.09,90.32,227.09,
6589,Madhya Pradesh,Bhopal,Industrial Area,2010.0,Winter,11.1,20.38,159.47,290.59,
6590,Madhya Pradesh,Bhopal,Industrial Area,2011.0,Autumn,2.17,15.17,171.5,,
6591,Madhya Pradesh,Bhopal,Industrial Area,2011.0,Spring,2.43,22.09,203.0,,
6592,Madhya Pradesh,Bhopal,Industrial Area,2011.0,Summer,3.12,27.75,102.5,,
6593,Madhya Pradesh,Bhopal,Industrial Area,2011.0,Winter,3.05,24.76,217.33,,
6594,Madhya Pradesh,Bhopal,Industrial Area,2012.0,Autumn,3.01,23.99,200.53,,
6595,Madhya Pradesh,Bhopal,Industrial Area,2012.0,Spring,2.29,16.93,161.33,,
6596,Madhya Pradesh,Bhopal,Industrial Area,2012.0,Summer,2.49,19.64,147.55,,
6597,Madhya Pradesh,Bhopal,Industrial Area,2012.0,Winter,3.0,21.5,192.39,,
6598,Madhya Pradesh,Bhopal,Industrial Area,2013.0,Autumn,2.59,33.44,227.13,,
6599,Madhya Pradesh,Bhopal,Industrial Area,2013.0,Spring,2.67,26.73,157.8,,
6600,Madhya Pradesh,Bhopal,Industrial Area,2013.0,Summer,2.4,31.77,171.11,,
6601,Madhya Pradesh,Bhopal,Industrial Area,2013.0,Winter,2.56,18.5,191.14,,
6602,Madhya Pradesh,Bhopal,Industrial Area,2014.0,Autumn,2.16,18.44,159.24,,78.67
6603,Madhya Pradesh,Bhopal,Industrial Area,2014.0,Spring,2.0,21.68,134.87,,62.32
6604,Madhya Pradesh,Bhopal,Industrial Area,2014.0,Summer,2.1,22.35,141.27,,49.09
6605,Madhya Pradesh,Bhopal,Industrial Area,2014.0,Winter,2.04,20.3,169.04,,106.83
6606,Madhya Pradesh,Bhopal,Industrial Area,2015.0,Autumn,2.24,17.64,129.65,,28.0
6607,Madhya Pradesh,Bhopal,Industrial Area,2015.0,Spring,2.0,12.61,218.26,,59.09
6608,Madhya Pradesh,Bhopal,Industrial Area,2015.0,Summer,2.0,12.71,117.86,,73.67
6609,Madhya Pradesh,Bhopal,Industrial Area,2015.0,Winter,2.0,12.46,180.0,,62.33
6610,Madhya Pradesh,Bhopal,Industrial Area,2005.0,Autumn,4.98,10.4,56.95,166.62,
6611,Madhya Pradesh,Bhopal,Industrial Area,2005.0,Spring,5.38,11.12,60.26,183.53,
6612,Madhya Pradesh,Bhopal,Industrial Area,2005.0,Summer,5.38,11.34,61.62,184.38,
6613,Madhya Pradesh,Bhopal,Industrial Area,2005.0,Winter,5.55,11.99,64.25,192.88,
6614,Madhya Pradesh,Bhopal,Industrial Area,2006.0,Autumn,4.57,9.58,58.5,167.75,
6615,Madhya Pradesh,Bhopal,Industrial Area,2006.0,Spring,3.7,8.1,57.0,169.35,
6616,Madhya Pradesh,Bhopal,Industrial Area,2006.0,Summer,3.65,7.92,54.47,158.35,
6617,Madhya Pradesh,Bhopal,Industrial Area,2006.0,Winter,4.26,8.67,57.0,163.11,
6618,Madhya Pradesh,Bhopal,Industrial Area,2007.0,Autumn,10.77,15.54,72.75,278.33,
6619,Madhya Pradesh,Bhopal,Industrial Area,2007.0,Spring,7.89,13.56,63.56,210.62,
6620,Madhya Pradesh,Bhopal,Industrial Area,2007.0,Summer,9.07,15.41,69.12,260.12,
6621,Madhya Pradesh,Bhopal,Industrial Area,2007.0,Winter,7.32,12.63,64.83,207.61,
6622,Madhya Pradesh,Bhopal,Industrial Area,2008.0,Autumn,5.48,16.44,123.36,239.79,
6623,Madhya Pradesh,Bhopal,Industrial Area,2008.0,Spring,7.65,15.62,68.94,188.47,
6624,Madhya Pradesh,Bhopal,Industrial Area,2008.0,Summer,7.1,17.6,60.8,155.0,
6625,Madhya Pradesh,Bhopal,Industrial Area,2008.0,Winter,8.17,17.79,99.0,207.73,
6626,Madhya Pradesh,Bhopal,Industrial Area,2009.0,Autumn,7.52,14.93,174.11,291.56,
6627,Madhya Pradesh,Bhopal,Industrial Area,2009.0,Spring,7.38,16.54,105.25,305.38,
6628,Madhya Pradesh,Bhopal,Industrial Area,2009.0,Summer,6.59,16.52,93.79,251.5,
6629,Madhya Pradesh,Bhopal,Industrial Area,2009.0,Winter,7.06,17.61,104.8,239.2,
6630,Madhya Pradesh,Bhopal,Residential and others,2005.0,Autumn,5.75,14.33,60.73,176.52,
6631,Madhya Pradesh,Bhopal,Residential and others,2005.0,Spring,5.96,14.46,66.09,193.69,
6632,Madhya Pradesh,Bhopal,Residential and others,2005.0,Summer,6.02,16.13,60.97,174.16,
6633,Madhya Pradesh,Bhopal,Residential and others,2005.0,Winter,6.0,14.94,61.08,177.83,
6634,Madhya Pradesh,Bhopal,Residential and others,2006.0,Autumn,4.88,14.57,71.92,199.03,
6635,Madhya Pradesh,Bhopal,Residential and others,2006.0,Spring,4.19,12.55,54.31,157.81,
6636,Madhya Pradesh,Bhopal,Residential and others,2006.0,Summer,4.1,11.93,57.19,166.16,
6637,Madhya Pradesh,Bhopal,Residential and others,2006.0,Winter,4.58,11.8,57.84,164.7,
6638,Madhya Pradesh,Bhopal,Residential and others,2007.0,Autumn,6.18,19.71,95.14,273.48,
6639,Madhya Pradesh,Bhopal,Residential and others,2007.0,Spring,5.79,19.4,127.37,321.1,
6640,Madhya Pradesh,Bhopal,Residential and others,2007.0,Summer,6.58,17.26,75.13,213.96,
6641,Madhya Pradesh,Bhopal,Residential and others,2007.0,Winter,6.37,18.38,107.37,270.22,
6642,Madhya Pradesh,Bhopal,Residential and others,2008.0,Autumn,6.11,20.21,115.42,255.95,
6643,Madhya Pradesh,Bhopal,Residential and others,2008.0,Spring,7.06,19.87,88.83,233.39,
6644,Madhya Pradesh,Bhopal,Residential and others,2008.0,Summer,5.89,22.22,84.43,219.58,
6645,Madhya Pradesh,Bhopal,Residential and others,2008.0,Winter,6.17,24.81,113.95,281.72,
6646,Madhya Pradesh,Bhopal,Residential and others,2009.0,Autumn,6.1,17.19,124.49,302.59,
6647,Madhya Pradesh,Bhopal,Residential and others,2009.0,Spring,7.48,18.04,126.08,352.15,
6648,Madhya Pradesh,Bhopal,Residential and others,2009.0,Summer,7.9,19.76,77.74,255.55,
6649,Madhya Pradesh,Bhopal,Residential and others,2009.0,Winter,6.74,16.82,111.18,286.5,
6688,Madhya Pradesh,Bhopal,"Residential, Rural and other Areas",2001.0,Autumn,24.33,26.13,,,
6689,Madhya Pradesh,Bhopal,"Residential, Rural and other Areas",2001.0,Spring,27.8,32.13,,,
6690,Madhya Pradesh,Bhopal,"Residential, Rural and other Areas",2001.0,Summer,23.15,26.95,,,
6691,Madhya Pradesh,Bhopal,"Residential, Rural and other Areas",2001.0,Winter,26.83,30.5,,,
6692,Madhya Pradesh,Bhopal,"Residential, Rural and other Areas",2002.0,Autumn,10.1,18.27,,,
6693,Madhya Pradesh,Bhopal,"Residential, Rural and other Areas",2002.0,Spring,23.17,28.47,,,
6694,Madhya Pradesh,Bhopal,"Residential, Rural and other Areas",2002.0,Summer,14.47,23.0,,,
6695,Madhya Pradesh,Bhopal,"Residential, Rural and other Areas",2002.0,Winter,19.67,24.1,,,
6696,Madhya Pradesh,Bhopal,"Residential, Rural and other Areas",2003.0,Autumn,0.0,0.0,0.0,0.0,
6697,Madhya Pradesh,Bhopal,"Residential, Rural and other Areas",2003.0,Spring,0.0,0.0,0.0,0.0,
6698,Madhya Pradesh,Bhopal,"Residential, Rural and other Areas",2003.0,Summer,0.0,0.0,0.0,0.0,
6699,Madhya Pradesh,Bhopal,"Residential, Rural and other Areas",2003.0,Winter,0.0,0.0,0.0,0.0,
6700,Madhya Pradesh,Bhopal,"Residential, Rural and other Areas",2004.0,Autumn,5.97,13.03,55.45,152.43,
6701,Madhya Pradesh,Bhopal,"Residential, Rural and other Areas",2004.0,Spring,6.02,12.65,54.07,145.27,
6702,Madhya Pradesh,Bhopal,"Residential, Rural and other Areas",2004.0,Summer,5.83,12.11,53.31,142.0,
6703,Madhya Pradesh,Bhopal,"Residential, Rural and other Areas",2004.0,Winter,6.07,12.75,53.52,144.4,
6704,Madhya Pradesh,Bhopal,"Residential, Rural and other Areas",2010.0,Autumn,7.21,17.81,153.46,367.38,
6705,Madhya Pradesh,Bhopal,"Residential, Rural and other Areas",2010.0,Spring,9.41,21.39,160.09,406.91,
6706,Madhya Pradesh,Bhopal,"Residential, Rural and other Areas",2010.0,Summer,8.96,18.67,91.89,242.3,
6707,Madhya Pradesh,Bhopal,"Residential, Rural and other Areas",2010.0,Winter,13.15,23.82,182.57,454.17,
6708,Madhya Pradesh,Bhopal,"Residential, Rural and other Areas",2011.0,Autumn,3.67,15.93,204.74,,
6709,Madhya Pradesh,Bhopal,"Residential, Rural and other Areas",2011.0,Spring,3.79,11.09,147.43,,
6710,Madhya Pradesh,Bhopal,"Residential, Rural and other Areas",2011.0,Summer,3.24,10.31,117.78,,
6711,Madhya Pradesh,Bhopal,"Residential, Rural and other Areas",2011.0,Winter,3.76,15.93,197.19,,
6712,Madhya Pradesh,Bhopal,"Residential, Rural and other Areas",2012.0,Autumn,3.76,28.48,178.64,,
6713,Madhya Pradesh,Bhopal,"Residential, Rural and other Areas",2012.0,Spring,2.51,18.05,185.52,,
6714,Madhya Pradesh,Bhopal,"Residential, Rural and other Areas",2012.0,Summer,2.55,18.24,153.19,,
6715,Madhya Pradesh,Bhopal,"Residential, Rural and other Areas",2012.0,Winter,2.63,19.58,155.36,,
6716,Madhya Pradesh,Bhopal,"Residential, Rural and other Areas",2013.0,Autumn,2.37,25.4,238.62,,
6717,Madhya Pradesh,Bhopal,"Residential, Rural and other Areas",2013.0,Spring,2.69,25.53,239.39,,
6718,Madhya Pradesh,Bhopal,"Residential, Rural and other Areas",2013.0,Summer,3.64,23.36,168.72,,
6719,Madhya Pradesh,Bhopal,"Residential, Rural and other Areas",2013.0,Winter,2.28,27.83,259.1,,
6720,Madhya Pradesh,Bhopal,"Residential, Rural and other Areas",2014.0,Autumn,2.04,19.98,169.61,,36.45
6721,Madhya Pradesh,Bhopal,"Residential, Rural and other Areas",2014.0,Spring,2.04,21.46,146.18,,42.96
6722,Madhya Pradesh,Bhopal,"Residential, Rural and other Areas",2014.0,Summer,2.04,24.46,153.42,,47.71
6723,Madhya Pradesh,Bhopal,"Residential, Rural and other Areas",2014.0,Winter,2.05,21.15,179.11,,74.65
6724,Madhya Pradesh,Bhopal,"Residential, Rural and other Areas",2015.0,Autumn,3.57,25.04,136.31,,41.73
6725,Madhya Pradesh,Bhopal,"Residential, Rural and other Areas",2015.0,Spring,3.28,25.95,190.85,,130.47
6726,Madhya Pradesh,Bhopal,"Residential, Rural and other Areas",2015.0,Summer,3.49,25.47,126.15,,79.71
6727,Madhya Pradesh,Bhopal,"Residential, Rural and other Areas",2015.0,Winter,3.47,21.09,161.08,,77.06
6734,Madhya Pradesh,Dewas,Industrial Area,2010.0,Autumn,13.72,20.84,82.33,188.83,
6735,Madhya Pradesh,Dewas,Industrial Area,2010.0,Spring,15.02,23.5,124.14,355.73,
6736,Madhya Pradesh,Dewas,Industrial Area,2010.0,Summer,13.76,20.71,86.94,213.44,
6737,Madhya Pradesh,Dewas,Industrial Area,2010.0,Winter,14.02,21.66,105.62,261.17,
6738,Madhya Pradesh,Dewas,Industrial Area,2011.0,Autumn,26.79,31.74,72.21,181.32,
6739,Madhya Pradesh,Dewas,Industrial Area,2011.0,Spring,23.88,30.62,87.5,229.62,
6740,Madhya Pradesh,Dewas,Industrial Area,2011.0,Summer,19.67,25.5,61.33,150.83,
6741,Madhya Pradesh,Dewas,Industrial Area,2011.0,Winter,14.75,22.42,67.08,160.75,
6742,Madhya Pradesh,Dewas,Industrial Area,2012.0,Autumn,13.96,18.7,83.55,,
6743,Madhya Pradesh,Dewas,Industrial Area,2012.0,Spring,18.87,24.36,90.06,,
6744,Madhya Pradesh,Dewas,Industrial Area,2012.0,Summer,14.39,19.66,75.69,,
6745,Madhya Pradesh,Dewas,Industrial Area,2012.0,Winter,19.37,24.7,74.94,,
6746,Madhya Pradesh,Dewas,Industrial Area,2013.0,Autumn,14.7,20.6,94.5,,
6747,Madhya Pradesh,Dewas,Industrial Area,2013.0,Spring,15.88,21.09,100.75,,
6748,Madhya Pradesh,Dewas,Industrial Area,2013.0,Summer,15.7,20.8,91.5,,
6749,Madhya Pradesh,Dewas,Industrial Area,2013.0,Winter,15.62,21.4,97.75,,
6750,Madhya Pradesh,Dewas,Industrial Area,2014.0,Autumn,15.17,21.33,89.33,,
6751,Madhya Pradesh,Dewas,Industrial Area,2014.0,Spring,15.55,21.55,96.05,,
6752,Madhya Pradesh,Dewas,Industrial Area,2014.0,Summer,15.53,21.53,96.0,,
6753,Madhya Pradesh,Dewas,Industrial Area,2014.0,Winter,15.08,21.15,92.79,,
6754,Madhya Pradesh,Dewas,Industrial Area,2015.0,Autumn,15.0,20.5,90.75,,
6755,Madhya Pradesh,Dewas,Industrial Area,2015.0,Spring,15.84,21.3,92.7,,
6756,Madhya Pradesh,Dewas,Industrial Area,2015.0,Summer,14.87,20.53,88.75,,
6757,Madhya Pradesh,Dewas,Industrial Area,2015.0,Winter,16.0,,,,
6758,Madhya Pradesh,Dewas,Industrial Area,2006.0,Autumn,17.05,25.83,47.08,109.36,
6759,Madhya Pradesh,Dewas,Industrial Area,2006.0,Spring,20.62,18.38,36.0,99.0,
6760,Madhya Pradesh,Dewas,Industrial Area,2006.0,Summer,18.54,20.91,38.81,97.38,
6761,Madhya Pradesh,Dewas,Industrial Area,2006.0,Winter,21.43,29.97,52.33,118.0,
6762,Madhya Pradesh,Dewas,Industrial Area,2007.0,Autumn,18.27,25.6,33.1,75.55,
6763,Madhya Pradesh,Dewas,Industrial Area,2007.0,Spring,18.3,24.99,24.68,57.47,
6764,Madhya Pradesh,Dewas,Industrial Area,2007.0,Summer,15.61,21.25,25.14,58.48,
6765,Madhya Pradesh,Dewas,Industrial Area,2007.0,Winter,20.3,31.2,38.8,79.6,
6766,Madhya Pradesh,Dewas,Industrial Area,2008.0,Autumn,15.99,24.68,93.17,253.12,
6767,Madhya Pradesh,Dewas,Industrial Area,2008.0,Spring,23.95,29.28,101.28,193.32,
6768,Madhya Pradesh,Dewas,Industrial Area,2008.0,Summer,21.97,29.98,84.0,187.96,
6769,Madhya Pradesh,Dewas,Industrial Area,2008.0,Winter,19.42,25.93,107.83,241.96,
6770,Madhya Pradesh,Dewas,Industrial Area,2009.0,Autumn,11.96,19.07,133.95,270.91,
6771,Madhya Pradesh,Dewas,Industrial Area,2009.0,Spring,16.05,24.03,155.87,384.96,
6772,Madhya Pradesh,Dewas,Industrial Area,2009.0,Summer,12.61,18.67,118.43,265.96,
6773,Madhya Pradesh,Dewas,Industrial Area,2009.0,Winter,12.83,19.84,125.59,282.07,
6774,Madhya Pradesh,Dewas,Residential and others,2006.0,Autumn,14.11,29.01,42.56,97.17,
6775,Madhya Pradesh,Dewas,Residential and others,2006.0,Spring,13.85,23.64,38.8,90.2,
6776,Madhya Pradesh,Dewas,Residential and others,2006.0,Summer,13.41,24.39,43.63,107.3,
6777,Madhya Pradesh,Dewas,Residential and others,2006.0,Winter,11.77,20.37,35.45,80.4,
6778,Madhya Pradesh,Dewas,Residential and others,2007.0,Autumn,15.32,20.09,26.73,61.64,
6779,Madhya Pradesh,Dewas,Residential and others,2007.0,Spring,15.06,19.62,26.05,60.71,
6780,Madhya Pradesh,Dewas,Residential and others,2007.0,Summer,11.72,17.14,20.76,48.8,
6781,Madhya Pradesh,Dewas,Residential and others,2007.0,Winter,17.41,23.68,29.7,66.9,
6782,Madhya Pradesh,Dewas,Residential and others,2008.0,Autumn,14.42,22.49,79.17,226.38,
6783,Madhya Pradesh,Dewas,Residential and others,2008.0,Spring,14.83,22.43,72.61,192.13,
6784,Madhya Pradesh,Dewas,Residential and others,2008.0,Summer,14.24,21.87,52.59,131.55,
6785,Madhya Pradesh,Dewas,Residential and others,2008.0,Winter,15.46,22.22,78.6,192.0,
6786,Madhya Pradesh,Dewas,Residential and others,2009.0,Autumn,9.98,16.05,80.96,179.93,
6787,Madhya Pradesh,Dewas,Residential and others,2009.0,Spring,13.04,20.16,106.42,293.42,
6788,Madhya Pradesh,Dewas,Residential and others,2009.0,Summer,11.59,18.35,80.85,191.62,
6789,Madhya Pradesh,Dewas,Residential and others,2009.0,Winter,11.91,19.0,103.36,265.09,
6790,Madhya Pradesh,Dewas,"Residential, Rural and other Areas",2010.0,Autumn,10.62,16.82,75.38,176.29,
6791,Madhya Pradesh,Dewas,"Residential, Rural and other Areas",2010.0,Spring,11.52,18.41,92.85,228.74,
6792,Madhya Pradesh,Dewas,"Residential, Rural and other Areas",2010.0,Summer,9.42,14.92,64.88,160.58,
6793,Madhya Pradesh,Dewas,"Residential, Rural and other Areas",2010.0,Winter,10.38,16.65,87.15,203.53,
6794,Madhya Pradesh,Dewas,"Residential, Rural and other Areas",2011.0,Autumn,24.29,29.24,94.69,231.47,
6795,Madhya Pradesh,Dewas,"Residential, Rural and other Areas",2011.0,Spring,18.87,25.89,100.04,278.23,
6796,Madhya Pradesh,Dewas,"Residential, Rural and other Areas",2011.0,Summer,17.25,23.0,74.68,183.89,
6797,Madhya Pradesh,Dewas,"Residential, Rural and other Areas",2011.0,Winter,18.07,23.78,92.98,227.16,
6798,Madhya Pradesh,Dewas,"Residential, Rural and other Areas",2012.0,Autumn,15.73,20.66,95.94,,
6799,Madhya Pradesh,Dewas,"Residential, Rural and other Areas",2012.0,Spring,19.46,24.75,100.38,,
6800,Madhya Pradesh,Dewas,"Residential, Rural and other Areas",2012.0,Summer,17.52,22.84,90.21,,
6801,Madhya Pradesh,Dewas,"Residential, Rural and other Areas",2012.0,Winter,22.19,27.49,99.0,,
6802,Madhya Pradesh,Dewas,"Residential, Rural and other Areas",2013.0,Autumn,15.65,21.03,107.83,,
6803,Madhya Pradesh,Dewas,"Residential, Rural and other Areas",2013.0,Spring,16.21,21.75,103.37,,
6804,Madhya Pradesh,Dewas,"Residential, Rural and other Areas",2013.0,Summer,16.13,21.23,97.33,,
6805,Madhya Pradesh,Dewas,"Residential, Rural and other Areas",2013.0,Winter,15.62,20.99,103.89,,
6806,Madhya Pradesh,Dewas,"Residential, Rural and other Areas",2014.0,Autumn,15.36,21.45,98.64,,
6807,Madhya Pradesh,Dewas,"Residential, Rural and other Areas",2014.0,Spring,15.43,21.45,93.0,,
6808,Madhya Pradesh,Dewas,"Residential, Rural and other Areas",2014.0,Summer,15.12,21.0,91.65,,
6809,Madhya Pradesh,Dewas,"Residential, Rural and other Areas",2014.0,Winter,14.76,20.68,90.28,,
6810,Madhya Pradesh,Dewas,"Residential, Rural and other Areas",2015.0,Autumn,14.41,19.71,87.24,,
6811,Madhya Pradesh,Dewas,"Residential, Rural and other Areas",2015.0,Spring,16.31,23.4,93.04,,
6812,Madhya Pradesh,Dewas,"Residential, Rural and other Areas",2015.0,Summer,13.69,19.79,88.0,,
6813,Madhya Pradesh,Dewas,"Residential, Rural and other Areas",2015.0,Winter,15.7,21.67,94.89,,
6814,Madhya Pradesh,Gwalior,Residential and others,2005.0,Summer,14.95,23.75,,378.0,
6815,Madhya Pradesh,Gwalior,Residential and others,2006.0,Autumn,6.87,11.71,151.77,214.67,
6816,Madhya Pradesh,Gwalior,Residential and others,2006.0,Spring,5.77,11.07,141.67,202.54,
6817,Madhya Pradesh,Gwalior,Residential and others,2006.0,Summer,5.05,9.55,103.33,168.1,
6818,Madhya Pradesh,Gwalior,Residential and others,2006.0,Winter,6.67,14.04,172.67,267.37,
6819,Madhya Pradesh,Gwalior,Residential and others,2007.0,Autumn,9.11,16.71,161.87,289.8,
6820,Madhya Pradesh,Gwalior,Residential and others,2007.0,Spring,9.21,17.4,190.76,373.95,
6821,Madhya Pradesh,Gwalior,Residential and others,2007.0,Summer,8.84,16.82,115.69,215.11,
6822,Madhya Pradesh,Gwalior,Residential and others,2007.0,Winter,8.77,16.68,186.86,301.84,
6823,Madhya Pradesh,Gwalior,Residential and others,2008.0,Autumn,8.44,16.18,153.91,268.04,
6824,Madhya Pradesh,Gwalior,Residential and others,2008.0,Spring,8.52,17.28,142.65,259.25,
6825,Madhya Pradesh,Gwalior,Residential and others,2008.0,Summer,8.32,17.44,101.33,161.58,
6826,Madhya Pradesh,Gwalior,Residential and others,2008.0,Winter,8.31,16.53,182.58,310.06,
6827,Madhya Pradesh,Gwalior,Residential and others,2009.0,Autumn,9.5,16.51,196.62,294.35,
6828,Madhya Pradesh,Gwalior,Residential and others,2009.0,Spring,7.91,15.42,214.24,327.12,
6829,Madhya Pradesh,Gwalior,Residential and others,2009.0,Summer,6.97,14.43,229.88,354.38,
6830,Madhya Pradesh,Gwalior,Residential and others,2009.0,Winter,8.57,19.96,261.16,382.88,
6831,Madhya Pradesh,Gwalior,"Residential, Rural and other Areas",2010.0,Autumn,12.7,21.16,320.66,447.49,
6832,Madhya Pradesh,Gwalior,"Residential, Rural and other Areas",2010.0,Spring,11.64,20.18,305.56,407.31,
6833,Madhya Pradesh,Gwalior,"Residential, Rural and other Areas",2010.0,Summer,12.31,22.37,334.45,448.7,
6834,Madhya Pradesh,Gwalior,"Residential, Rural and other Areas",2010.0,Winter,11.56,18.13,268.1,372.28,
6835,Madhya Pradesh,Gwalior,"Residential, Rural and other Areas",2011.0,Autumn,11.68,20.0,261.97,,
6836,Madhya Pradesh,Gwalior,"Residential, Rural and other Areas",2011.0,Spring,11.69,19.65,351.3,,
6837,Madhya Pradesh,Gwalior,"Residential, Rural and other Areas",2011.0,Summer,11.97,20.21,323.76,,
6838,Madhya Pradesh,Gwalior,"Residential, Rural and other Areas",2011.0,Winter,11.71,20.77,299.66,,
6839,Madhya Pradesh,Gwalior,"Residential, Rural and other Areas",2012.0,Autumn,12.36,26.5,310.42,,
6840,Madhya Pradesh,Gwalior,"Residential, Rural and other Areas",2012.0,Spring,13.23,27.93,361.0,,
6841,Madhya Pradesh,Gwalior,"Residential, Rural and other Areas",2012.0,Summer,12.57,25.03,340.43,,
6842,Madhya Pradesh,Gwalior,"Residential, Rural and other Areas",2012.0,Winter,13.04,27.32,326.67,,
6843,Madhya Pradesh,Gwalior,"Residential, Rural and other Areas",2013.0,Autumn,12.38,26.27,193.51,,
6844,Madhya Pradesh,Gwalior,"Residential, Rural and other Areas",2013.0,Spring,12.76,27.15,194.66,,
6845,Madhya Pradesh,Gwalior,"Residential, Rural and other Areas",2013.0,Summer,12.68,28.03,200.71,,
6846,Madhya Pradesh,Gwalior,"Residential, Rural and other Areas",2013.0,Winter,12.7,27.22,200.6,,
6847,Madhya Pradesh,Gwalior,"Residential, Rural and other Areas",2014.0,Autumn,10.66,15.08,135.79,,
6848,Madhya Pradesh,Gwalior,"Residential, Rural and other Areas",2014.0,Spring,10.58,15.29,135.85,,
6849,Madhya Pradesh,Gwalior,"Residential, Rural and other Areas",2014.0,Summer,10.64,15.83,138.27,,
6850,Madhya Pradesh,Gwalior,"Residential, Rural and other Areas",2014.0,Winter,11.47,20.19,162.45,,
6851,Madhya Pradesh,Gwalior,"Residential, Rural and other Areas",2015.0,Autumn,10.27,14.0,107.45,,71.95
6852,Madhya Pradesh,Gwalior,"Residential, Rural and other Areas",2015.0,Spring,10.67,13.85,125.79,,80.74
6853,Madhya Pradesh,Gwalior,"Residential, Rural and other Areas",2015.0,Summer,9.7,13.24,122.76,,72.63
6854,Madhya Pradesh,Gwalior,"Residential, Rural and other Areas",2015.0,Winter,10.53,14.6,134.74,,81.88
6890,Madhya Pradesh,Indore,Industrial Area,2001.0,Autumn,21.0,13.13,,,
6891,Madhya Pradesh,Indore,Industrial Area,2001.0,Spring,28.43,21.77,,,
6892,Madhya Pradesh,Indore,Industrial Area,2001.0,Summer,20.15,15.85,,,
6893,Madhya Pradesh,Indore,Industrial Area,2001.0,Winter,26.87,19.0,,,
6894,Madhya Pradesh,Indore,Industrial Area,2002.0,Autumn,,,,,
6895,Madhya Pradesh,Indore,Industrial Area,2002.0,Spring,15.93,32.93,,,
6896,Madhya Pradesh,Indore,Industrial Area,2002.0,Summer,13.7,28.2,,,
6897,Madhya Pradesh,Indore,Industrial Area,2002.0,Winter,18.65,24.85,,,
6898,Madhya Pradesh,Indore,Industrial Area,2003.0,Autumn,0.0,0.0,0.0,0.0,
6899,Madhya Pradesh,Indore,Industrial Area,2003.0,Spring,0.0,0.0,0.0,0.0,
6900,Madhya Pradesh,Indore,Industrial Area,2003.0,Summer,0.0,0.0,0.0,0.0,
6901,Madhya Pradesh,Indore,Industrial Area,2003.0,Winter,0.0,0.0,0.0,0.0,
6902,Madhya Pradesh,Indore,Industrial Area,2004.0,Autumn,16.05,27.95,165.81,228.48,
6903,Madhya Pradesh,Indore,Industrial Area,2004.0,Spring,16.76,32.86,164.14,248.14,
6904,Madhya Pradesh,Indore,Industrial Area,2004.0,Summer,9.68,20.86,113.59,127.14,
6905,Madhya Pradesh,Indore,Industrial Area,2004.0,Winter,16.13,30.91,163.43,273.7,
6906,Madhya Pradesh,Indore,Industrial Area,2010.0,Autumn,26.39,17.35,133.07,257.58,
6907,Madhya Pradesh,Indore,Industrial Area,2010.0,Spring,17.59,24.29,130.68,240.54,
6908,Madhya Pradesh,Indore,Industrial Area,2010.0,Summer,19.14,23.57,93.37,212.4,
6909,Madhya Pradesh,Indore,Industrial Area,2010.0,Winter,23.62,20.13,161.21,306.37,
6910,Madhya Pradesh,Indore,Industrial Area,2011.0,Autumn,16.9,15.09,111.43,190.93,
6911,Madhya Pradesh,Indore,Industrial Area,2011.0,Spring,27.56,15.28,165.58,296.17,
6912,Madhya Pradesh,Indore,Industrial Area,2011.0,Summer,18.06,14.35,117.07,208.33,
6913,Madhya Pradesh,Indore,Industrial Area,2011.0,Winter,15.93,16.4,164.19,306.77,
6914,Madhya Pradesh,Indore,Industrial Area,2012.0,Autumn,12.98,21.21,134.38,,
6915,Madhya Pradesh,Indore,Industrial Area,2012.0,Spring,12.94,20.27,161.67,,
6916,Madhya Pradesh,Indore,Industrial Area,2012.0,Summer,13.36,22.14,130.94,,
6917,Madhya Pradesh,Indore,Industrial Area,2012.0,Winter,13.66,23.1,129.19,,
6918,Madhya Pradesh,Indore,Industrial Area,2013.0,Autumn,10.95,19.2,,,
6919,Madhya Pradesh,Indore,Industrial Area,2013.0,Spring,11.38,20.08,,,
6920,Madhya Pradesh,Indore,Industrial Area,2013.0,Summer,9.83,17.61,,,
6921,Madhya Pradesh,Indore,Industrial Area,2013.0,Winter,11.13,19.81,,,
6922,Madhya Pradesh,Indore,Industrial Area,2014.0,Autumn,11.0,20.0,128.29,,
6923,Madhya Pradesh,Indore,Industrial Area,2014.0,Spring,10.93,20.0,156.43,,
6924,Madhya Pradesh,Indore,Industrial Area,2014.0,Summer,10.88,20.0,125.35,,
6925,Madhya Pradesh,Indore,Industrial Area,2014.0,Winter,10.87,19.96,138.3,,
6926,Madhya Pradesh,Indore,Industrial Area,2015.0,Autumn,10.78,20.39,95.33,,
6927,Madhya Pradesh,Indore,Industrial Area,2015.0,Spring,10.88,20.12,104.68,,
6928,Madhya Pradesh,Indore,Industrial Area,2015.0,Summer,10.58,19.65,92.04,,
6929,Madhya Pradesh,Indore,Industrial Area,2015.0,Winter,10.79,20.04,108.17,,
6930,Madhya Pradesh,Indore,Industrial Area,2005.0,Autumn,9.07,17.31,218.71,353.14,
6931,Madhya Pradesh,Indore,Industrial Area,2005.0,Spring,12.3,15.95,,,
6932,Madhya Pradesh,Indore,Industrial Area,2005.0,Summer,7.67,15.99,183.0,352.0,
6933,Madhya Pradesh,Indore,Industrial Area,2005.0,Winter,10.33,20.91,246.83,406.83,
6934,Madhya Pradesh,Indore,Industrial Area,2006.0,Autumn,9.61,19.21,128.85,219.08,
6935,Madhya Pradesh,Indore,Industrial Area,2006.0,Spring,7.21,16.62,152.86,241.24,
6936,Madhya Pradesh,Indore,Industrial Area,2006.0,Summer,6.44,13.08,106.67,166.67,
6937,Madhya Pradesh,Indore,Industrial Area,2006.0,Winter,8.73,18.45,136.68,232.14,
6938,Madhya Pradesh,Indore,Industrial Area,2007.0,Autumn,11.28,20.56,131.75,218.62,
6939,Madhya Pradesh,Indore,Industrial Area,2007.0,Spring,11.03,20.86,184.13,299.87,
6940,Madhya Pradesh,Indore,Industrial Area,2007.0,Summer,7.42,15.26,114.67,188.9,
6941,Madhya Pradesh,Indore,Industrial Area,2007.0,Winter,11.98,24.64,164.5,276.75,
6942,Madhya Pradesh,Indore,Industrial Area,2008.0,Autumn,12.06,22.36,252.61,363.11,
6943,Madhya Pradesh,Indore,Industrial Area,2008.0,Spring,12.35,23.65,248.09,372.64,
6944,Madhya Pradesh,Indore,Industrial Area,2008.0,Summer,10.89,20.48,224.83,332.5,
6945,Madhya Pradesh,Indore,Industrial Area,2008.0,Winter,11.78,19.7,240.09,362.65,
6946,Madhya Pradesh,Indore,Industrial Area,2009.0,Autumn,11.95,20.82,190.06,303.19,
6947,Madhya Pradesh,Indore,Industrial Area,2009.0,Spring,11.46,21.41,285.43,446.29,
6948,Madhya Pradesh,Indore,Industrial Area,2009.0,Summer,11.34,20.66,265.8,409.6,
6949,Madhya Pradesh,Indore,Industrial Area,2009.0,Winter,10.54,19.44,247.19,390.44,
6950,Madhya Pradesh,Indore,Residential and others,2005.0,Autumn,9.0,14.85,148.23,235.57,
6951,Madhya Pradesh,Indore,Residential and others,2005.0,Spring,5.5,14.83,130.0,185.0,
6952,Madhya Pradesh,Indore,Residential and others,2005.0,Summer,7.29,15.25,190.0,305.0,
6953,Madhya Pradesh,Indore,Residential and others,2005.0,Winter,7.06,16.86,199.58,306.92,
6954,Madhya Pradesh,Indore,Residential and others,2006.0,Autumn,7.3,13.67,87.7,155.92,
6955,Madhya Pradesh,Indore,Residential and others,2006.0,Spring,4.48,12.71,112.97,171.59,
6956,Madhya Pradesh,Indore,Residential and others,2006.0,Summer,4.8,10.53,94.92,141.86,
6957,Madhya Pradesh,Indore,Residential and others,2006.0,Winter,6.8,13.97,130.2,218.02,
6958,Madhya Pradesh,Indore,Residential and others,2007.0,Autumn,8.05,16.17,95.35,163.35,
6959,Madhya Pradesh,Indore,Residential and others,2007.0,Spring,8.78,17.53,120.92,200.69,
6960,Madhya Pradesh,Indore,Residential and others,2007.0,Summer,6.68,14.52,89.1,150.65,
6961,Madhya Pradesh,Indore,Residential and others,2007.0,Winter,8.71,16.62,125.46,207.83,
6962,Madhya Pradesh,Indore,Residential and others,2008.0,Autumn,8.88,17.22,172.34,261.9,
6963,Madhya Pradesh,Indore,Residential and others,2008.0,Spring,9.2,17.52,187.02,282.96,
6964,Madhya Pradesh,Indore,Residential and others,2008.0,Summer,8.66,16.32,155.18,233.82,
6965,Madhya Pradesh,Indore,Residential and others,2008.0,Winter,8.16,16.07,172.2,267.0,
6966,Madhya Pradesh,Indore,Residential and others,2009.0,Autumn,8.7,14.65,129.94,214.28,
6967,Madhya Pradesh,Indore,Residential and others,2009.0,Spring,7.61,14.09,164.71,292.71,
6968,Madhya Pradesh,Indore,Residential and others,2009.0,Summer,5.29,10.74,99.04,180.23,
6969,Madhya Pradesh,Indore,Residential and others,2009.0,Winter,7.62,15.39,159.02,265.8,
7007,Madhya Pradesh,Indore,"Residential, Rural and other Areas",2001.0,Autumn,15.33,9.3,,,
7008,Madhya Pradesh,Indore,"Residential, Rural and other Areas",2001.0,Spring,22.43,13.87,,,
7009,Madhya Pradesh,Indore,"Residential, Rural and other Areas",2001.0,Summer,14.12,11.25,,,
7010,Madhya Pradesh,Indore,"Residential, Rural and other Areas",2001.0,Winter,21.05,14.68,,,
7011,Madhya Pradesh,Indore,"Residential, Rural and other Areas",2002.0,Autumn,7.22,22.6,,,
7012,Madhya Pradesh,Indore,"Residential, Rural and other Areas",2002.0,Spring,11.45,21.72,,,
7013,Madhya Pradesh,Indore,"Residential, Rural and other Areas",2002.0,Summer,8.88,28.77,,,
7014,Madhya Pradesh,Indore,"Residential, Rural and other Areas",2002.0,Winter,12.6,22.75,,,
7015,Madhya Pradesh,Indore,"Residential, Rural and other Areas",2003.0,Autumn,0.0,0.0,0.0,0.0,
7016,Madhya Pradesh,Indore,"Residential, Rural and other Areas",2003.0,Spring,0.0,0.0,0.0,0.0,
7017,Madhya Pradesh,Indore,"Residential, Rural and other Areas",2003.0,Summer,0.0,0.0,0.0,0.0,
7018,Madhya Pradesh,Indore,"Residential, Rural and other Areas",2003.0,Winter,0.0,0.0,0.0,0.0,
7019,Madhya Pradesh,Indore,"Residential, Rural and other Areas",2004.0,Autumn,11.6,22.98,108.53,145.49,
7020,Madhya Pradesh,Indore,"Residential, Rural and other Areas",2004.0,Spring,12.81,25.49,129.96,184.68,
7021,Madhya Pradesh,Indore,"Residential, Rural and other Areas",2004.0,Summer,9.3,19.67,78.6,110.72,
7022,Madhya Pradesh,Indore,"Residential, Rural and other Areas",2004.0,Winter,13.49,27.47,145.16,219.13,
7023,Madhya Pradesh,Indore,"Residential, Rural and other Areas",2010.0,Autumn,7.66,14.49,103.11,227.93,
7024,Madhya Pradesh,Indore,"Residential, Rural and other Areas",2010.0,Spring,11.99,19.19,129.19,256.04,
7025,Madhya Pradesh,Indore,"Residential, Rural and other Areas",2010.0,Summer,9.34,15.62,95.35,223.95,
7026,Madhya Pradesh,Indore,"Residential, Rural and other Areas",2010.0,Winter,10.11,15.34,143.79,282.76,
7027,Madhya Pradesh,Indore,"Residential, Rural and other Areas",2011.0,Autumn,9.83,13.82,149.77,282.97,
7028,Madhya Pradesh,Indore,"Residential, Rural and other Areas",2011.0,Spring,9.85,13.07,148.29,293.2,
7029,Madhya Pradesh,Indore,"Residential, Rural and other Areas",2011.0,Summer,8.58,13.75,106.53,207.94,
7030,Madhya Pradesh,Indore,"Residential, Rural and other Areas",2011.0,Winter,8.73,13.53,159.0,293.67,
7031,Madhya Pradesh,Indore,"Residential, Rural and other Areas",2012.0,Autumn,12.08,19.36,137.04,,
7032,Madhya Pradesh,Indore,"Residential, Rural and other Areas",2012.0,Spring,11.17,18.74,155.72,,
7033,Madhya Pradesh,Indore,"Residential, Rural and other Areas",2012.0,Summer,11.67,18.99,120.67,,
7034,Madhya Pradesh,Indore,"Residential, Rural and other Areas",2012.0,Winter,11.27,18.86,167.02,,
7035,Madhya Pradesh,Indore,"Residential, Rural and other Areas",2013.0,Autumn,10.65,18.97,168.14,,
7036,Madhya Pradesh,Indore,"Residential, Rural and other Areas",2013.0,Spring,11.1,19.97,191.64,,
7037,Madhya Pradesh,Indore,"Residential, Rural and other Areas",2013.0,Summer,9.74,17.41,107.19,,
7038,Madhya Pradesh,Indore,"Residential, Rural and other Areas",2013.0,Winter,11.19,19.87,217.41,,
7039,Madhya Pradesh,Indore,"Residential, Rural and other Areas",2014.0,Autumn,10.87,20.0,137.06,,
7040,Madhya Pradesh,Indore,"Residential, Rural and other Areas",2014.0,Spring,10.56,19.96,180.49,,
7041,Madhya Pradesh,Indore,"Residential, Rural and other Areas",2014.0,Summer,10.81,20.0,126.72,,
7042,Madhya Pradesh,Indore,"Residential, Rural and other Areas",2014.0,Winter,10.71,19.9,142.35,,
7043,Madhya Pradesh,Indore,"Residential, Rural and other Areas",2015.0,Autumn,10.68,20.32,86.91,,
7044,Madhya Pradesh,Indore,"Residential, Rural and other Areas",2015.0,Spring,10.76,19.92,99.32,,
7045,Madhya Pradesh,Indore,"Residential, Rural and other Areas",2015.0,Summer,10.56,19.84,87.43,,
7046,Madhya Pradesh,Indore,"Residential, Rural and other Areas",2015.0,Winter,10.51,19.9,105.57,,
7053,Madhya Pradesh,Jabalpur,Industrial Area,2015.0,Spring,16.0,34.57,111.57,,46.57
7054,Madhya Pradesh,Jabalpur,Residential and others,2005.0,Autumn,,21.65,83.86,187.0,
7055,Madhya Pradesh,Jabalpur,Residential and others,2005.0,Spring,,17.24,87.78,206.17,
7056,Madhya Pradesh,Jabalpur,Residential and others,2005.0,Summer,,15.81,76.06,181.81,
7057,Madhya Pradesh,Jabalpur,Residential and others,2005.0,Winter,,16.03,88.07,195.27,
7058,Madhya Pradesh,Jabalpur,Residential and others,2006.0,Autumn,,22.89,91.0,194.55,
7059,Madhya Pradesh,Jabalpur,Residential and others,2006.0,Spring,,21.58,72.35,153.35,
7060,Madhya Pradesh,Jabalpur,Residential and others,2006.0,Summer,,21.86,88.8,188.3,
7061,Madhya Pradesh,Jabalpur,Residential and others,2006.0,Winter,,21.53,81.17,173.3,
7062,Madhya Pradesh,Jabalpur,Residential and others,2007.0,Autumn,,23.9,107.25,231.75,
7063,Madhya Pradesh,Jabalpur,Residential and others,2007.0,Spring,,24.1,115.0,245.65,
7064,Madhya Pradesh,Jabalpur,Residential and others,2007.0,Summer,,22.51,98.56,214.28,
7065,Madhya Pradesh,Jabalpur,Residential and others,2007.0,Winter,,23.89,107.0,230.92,
7066,Madhya Pradesh,Jabalpur,Residential and others,2008.0,Autumn,,26.15,146.77,316.32,
7067,Madhya Pradesh,Jabalpur,Residential and others,2008.0,Spring,,24.7,141.76,307.92,
7068,Madhya Pradesh,Jabalpur,Residential and others,2008.0,Summer,,24.1,121.95,265.8,
7069,Madhya Pradesh,Jabalpur,Residential and others,2008.0,Winter,,24.19,133.58,295.29,
7070,Madhya Pradesh,Jabalpur,Residential and others,2009.0,Autumn,,24.54,136.9,299.35,
7071,Madhya Pradesh,Jabalpur,Residential and others,2009.0,Spring,,23.94,135.08,298.68,
7072,Madhya Pradesh,Jabalpur,Residential and others,2009.0,Summer,,24.56,135.86,299.86,
7073,Madhya Pradesh,Jabalpur,Residential and others,2009.0,Winter,,24.04,136.04,303.0,
7074,Madhya Pradesh,Jabalpur,"Residential, Rural and other Areas",2004.0,Autumn,2.0,11.75,59.64,108.26,
7075,Madhya Pradesh,Jabalpur,"Residential, Rural and other Areas",2004.0,Spring,2.0,13.26,70.32,134.84,
7076,Madhya Pradesh,Jabalpur,"Residential, Rural and other Areas",2004.0,Summer,2.0,12.38,48.68,79.7,
7077,Madhya Pradesh,Jabalpur,"Residential, Rural and other Areas",2004.0,Winter,2.0,13.23,86.41,155.45,
7078,Madhya Pradesh,Jabalpur,"Residential, Rural and other Areas",2010.0,Autumn,2.0,24.87,133.0,278.67,
7079,Madhya Pradesh,Jabalpur,"Residential, Rural and other Areas",2010.0,Spring,2.0,24.96,141.4,307.2,
7080,Madhya Pradesh,Jabalpur,"Residential, Rural and other Areas",2010.0,Summer,2.0,22.83,136.33,303.0,
7081,Madhya Pradesh,Jabalpur,"Residential, Rural and other Areas",2010.0,Winter,2.0,24.75,130.8,289.1,
7082,Madhya Pradesh,Jabalpur,"Residential, Rural and other Areas",2011.0,Autumn,2.0,24.83,74.58,,
7083,Madhya Pradesh,Jabalpur,"Residential, Rural and other Areas",2011.0,Spring,2.0,24.32,78.0,,
7084,Madhya Pradesh,Jabalpur,"Residential, Rural and other Areas",2011.0,Summer,2.0,24.37,69.05,,
7085,Madhya Pradesh,Jabalpur,"Residential, Rural and other Areas",2011.0,Winter,2.0,25.27,69.96,,
7086,Madhya Pradesh,Jabalpur,"Residential, Rural and other Areas",2012.0,Autumn,2.0,25.5,75.57,,
7087,Madhya Pradesh,Jabalpur,"Residential, Rural and other Areas",2012.0,Spring,2.0,24.29,84.25,,
7088,Madhya Pradesh,Jabalpur,"Residential, Rural and other Areas",2012.0,Summer,2.0,22.97,73.78,,
7089,Madhya Pradesh,Jabalpur,"Residential, Rural and other Areas",2012.0,Winter,2.0,24.36,65.78,,
7090,Madhya Pradesh,Jabalpur,"Residential, Rural and other Areas",2013.0,Autumn,2.0,23.46,68.76,,
7091,Madhya Pradesh,Jabalpur,"Residential, Rural and other Areas",2013.0,Spring,2.0,23.72,72.8,,
7092,Madhya Pradesh,Jabalpur,"Residential, Rural and other Areas",2013.0,Summer,2.0,22.91,62.8,,
7093,Madhya Pradesh,Jabalpur,"Residential, Rural and other Areas",2013.0,Winter,2.0,22.74,68.5,,
7094,Madhya Pradesh,Jabalpur,"Residential, Rural and other Areas",2014.0,Autumn,2.0,23.95,78.68,,
7095,Madhya Pradesh,Jabalpur,"Residential, Rural and other Areas",2014.0,Spring,2.0,23.0,68.57,,
7096,Madhya Pradesh,Jabalpur,"Residential, Rural and other Areas",2014.0,Summer,2.0,23.12,70.94,,
7097,Madhya Pradesh,Jabalpur,"Residential, Rural and other Areas",2014.0,Winter,2.0,23.73,72.05,,
7098,Madhya Pradesh,Jabalpur,"Residential, Rural and other Areas",2015.0,Spring,2.0,22.29,69.0,,33.14
7304,Madhya Pradesh,Sagar,Residential and others,2006.0,Autumn,6.81,8.6,95.0,196.29,
7305,Madhya Pradesh,Sagar,Residential and others,2006.0,Spring,6.9,9.75,124.0,215.0,
7306,Madhya Pradesh,Sagar,Residential and others,2006.0,Summer,6.48,9.12,97.0,213.0,
7307,Madhya Pradesh,Sagar,Residential and others,2006.0,Winter,8.53,10.63,109.4,159.67,
7308,Madhya Pradesh,Sagar,Residential and others,2007.0,Autumn,5.02,13.49,62.42,237.05,
7309,Madhya Pradesh,Sagar,Residential and others,2007.0,Spring,5.39,11.36,63.25,275.92,
7310,Madhya Pradesh,Sagar,Residential and others,2007.0,Summer,5.36,11.47,55.64,196.0,
7311,Madhya Pradesh,Sagar,Residential and others,2007.0,Winter,5.39,13.59,105.0,238.17,
7312,Madhya Pradesh,Sagar,Residential and others,2008.0,Autumn,3.52,17.11,102.0,220.52,
7313,Madhya Pradesh,Sagar,Residential and others,2008.0,Spring,3.4,16.56,129.0,245.73,
7314,Madhya Pradesh,Sagar,Residential and others,2008.0,Summer,3.81,16.99,115.0,215.24,
7315,Madhya Pradesh,Sagar,Residential and others,2008.0,Winter,3.63,17.5,,244.76,
7316,Madhya Pradesh,Sagar,Residential and others,2009.0,Autumn,3.66,17.62,,265.25,
7317,Madhya Pradesh,Sagar,Residential and others,2009.0,Spring,3.9,18.15,110.5,292.65,
7318,Madhya Pradesh,Sagar,Residential and others,2009.0,Summer,3.89,17.48,,228.6,
7319,Madhya Pradesh,Sagar,Residential and others,2009.0,Winter,3.44,17.42,179.0,214.0,
7320,Madhya Pradesh,Sagar,"Residential, Rural and other Areas",2010.0,Autumn,3.75,16.73,61.0,225.0,
7321,Madhya Pradesh,Sagar,"Residential, Rural and other Areas",2010.0,Spring,3.72,18.16,,349.59,
7322,Madhya Pradesh,Sagar,"Residential, Rural and other Areas",2010.0,Summer,3.5,16.2,73.5,222.86,
7323,Madhya Pradesh,Sagar,"Residential, Rural and other Areas",2010.0,Winter,3.63,16.9,69.14,240.78,
7324,Madhya Pradesh,Sagar,"Residential, Rural and other Areas",2011.0,Autumn,3.1,14.4,79.55,247.3,
7325,Madhya Pradesh,Sagar,"Residential, Rural and other Areas",2011.0,Spring,4.66,15.62,81.71,237.83,
7326,Madhya Pradesh,Sagar,"Residential, Rural and other Areas",2011.0,Summer,2.94,13.69,62.6,190.87,
7327,Madhya Pradesh,Sagar,"Residential, Rural and other Areas",2011.0,Winter,3.31,15.77,79.29,216.65,
7328,Madhya Pradesh,Sagar,"Residential, Rural and other Areas",2012.0,Autumn,2.83,12.1,147.8,,
7329,Madhya Pradesh,Sagar,"Residential, Rural and other Areas",2012.0,Spring,2.77,13.29,120.43,,
7330,Madhya Pradesh,Sagar,"Residential, Rural and other Areas",2012.0,Summer,2.66,13.44,80.65,,
7331,Madhya Pradesh,Sagar,"Residential, Rural and other Areas",2012.0,Winter,2.6,12.19,123.14,,
7332,Madhya Pradesh,Sagar,"Residential, Rural and other Areas",2014.0,Autumn,2.32,14.84,168.76,,
7333,Madhya Pradesh,Sagar,"Residential, Rural and other Areas",2014.0,Spring,2.05,16.57,184.38,,
7334,Madhya Pradesh,Sagar,"Residential, Rural and other Areas",2014.0,Summer,2.44,13.06,151.44,,
7335,Madhya Pradesh,Sagar,"Residential, Rural and other Areas",2014.0,Winter,2.12,13.82,132.82,,
7336,Madhya Pradesh,Sagar,"Residential, Rural and other Areas",2015.0,Autumn,,,121.53,,32.2
7337,Madhya Pradesh,Sagar,"Residential, Rural and other Areas",2015.0,Spring,2.53,15.35,117.75,,41.74
7338,Madhya Pradesh,Sagar,"Residential, Rural and other Areas",2015.0,Summer,2.3,15.1,72.05,,31.36
7339,Madhya Pradesh,Sagar,"Residential, Rural and other Areas",2015.0,Winter,2.1,12.9,106.71,,51.29
7375,Madhya Pradesh,Satna,Industrial Area,2001.0,Autumn,10.03,17.37,,,
7376,Madhya Pradesh,Satna,Industrial Area,2001.0,Spring,12.3,13.0,,,
7377,Madhya Pradesh,Satna,Industrial Area,2001.0,Winter,16.93,18.83,,,
7378,Madhya Pradesh,Satna,Industrial Area,2002.0,Autumn,3.73,4.87,,,
7379,Madhya Pradesh,Satna,Industrial Area,2002.0,Spring,11.47,14.93,,,
7380,Madhya Pradesh,Satna,Industrial Area,2002.0,Summer,3.9,5.63,,,
7381,Madhya Pradesh,Satna,Industrial Area,2002.0,Winter,12.4,15.63,,,
7382,Madhya Pradesh,Satna,Industrial Area,2003.0,Autumn,0.0,0.0,0.0,0.0,
7383,Madhya Pradesh,Satna,Industrial Area,2003.0,Spring,0.0,0.0,0.0,0.0,
7384,Madhya Pradesh,Satna,Industrial Area,2003.0,Summer,0.0,0.0,0.0,0.0,
7385,Madhya Pradesh,Satna,Industrial Area,2003.0,Winter,0.0,0.0,0.0,0.0,
7386,Madhya Pradesh,Satna,Industrial Area,2010.0,Autumn,2.94,6.64,244.65,407.04,
7387,Madhya Pradesh,Satna,Industrial Area,2010.0,Spring,2.72,5.73,297.24,391.0,
7388,Madhya Pradesh,Satna,Industrial Area,2010.0,Summer,2.77,6.0,244.27,340.09,
7389,Madhya Pradesh,Satna,Industrial Area,2010.0,Winter,3.09,6.56,211.67,278.19,
7390,Madhya Pradesh,Satna,Industrial Area,2014.0,Autumn,3.47,7.1,213.38,,
7391,Madhya Pradesh,Satna,Industrial Area,2014.0,Spring,3.25,6.15,218.24,,
7392,Madhya Pradesh,Satna,Industrial Area,2014.0,Summer,3.14,6.38,199.88,,
7393,Madhya Pradesh,Satna,Industrial Area,2014.0,Winter,3.43,7.71,201.0,,
7394,Madhya Pradesh,Satna,Industrial Area,2015.0,Spring,,6.48,195.6,,
7395,Madhya Pradesh,Satna,Industrial Area,2015.0,Summer,,,97.2,,
7396,Madhya Pradesh,Satna,Industrial Area,2015.0,Winter,,7.56,153.25,,
7397,Madhya Pradesh,Satna,Industrial Area,2005.0,Autumn,4.73,9.42,243.59,369.65,
7398,Madhya Pradesh,Satna,Industrial Area,2005.0,Spring,4.8,9.73,177.75,355.5,
7399,Madhya Pradesh,Satna,Industrial Area,2005.0,Summer,4.92,9.77,204.27,327.55,
7400,Madhya Pradesh,Satna,Industrial Area,2005.0,Winter,4.89,9.9,288.75,439.62,
7401,Madhya Pradesh,Satna,Industrial Area,2006.0,Autumn,3.69,7.23,282.25,460.42,
7402,Madhya Pradesh,Satna,Industrial Area,2006.0,Spring,3.65,7.6,289.95,457.1,
7403,Madhya Pradesh,Satna,Industrial Area,2006.0,Summer,3.48,6.79,264.12,431.53,
7404,Madhya Pradesh,Satna,Industrial Area,2006.0,Winter,4.32,8.59,303.39,489.28,
7405,Madhya Pradesh,Satna,Industrial Area,2007.0,Autumn,3.93,8.62,295.0,438.05,
7406,Madhya Pradesh,Satna,Industrial Area,2007.0,Spring,4.36,10.11,282.15,441.38,
7407,Madhya Pradesh,Satna,Industrial Area,2007.0,Summer,3.56,7.31,269.05,396.63,
7408,Madhya Pradesh,Satna,Industrial Area,2007.0,Winter,4.9,10.0,299.46,454.21,
7409,Madhya Pradesh,Satna,Industrial Area,2008.0,Autumn,3.89,7.3,264.65,392.45,
7410,Madhya Pradesh,Satna,Industrial Area,2008.0,Spring,3.86,7.51,260.5,407.46,
7411,Madhya Pradesh,Satna,Industrial Area,2008.0,Summer,3.4,7.09,264.89,394.37,
7412,Madhya Pradesh,Satna,Industrial Area,2008.0,Winter,4.33,8.59,270.17,409.13,
7413,Madhya Pradesh,Satna,Industrial Area,2009.0,Autumn,3.87,7.5,316.67,475.67,
7414,Madhya Pradesh,Satna,Industrial Area,2009.0,Spring,3.22,6.91,302.0,461.88,
7415,Madhya Pradesh,Satna,Industrial Area,2009.0,Winter,3.65,7.79,283.27,414.93,
7416,Madhya Pradesh,Satna,Residential and others,2005.0,Autumn,4.3,,95.76,153.12,
7417,Madhya Pradesh,Satna,Residential and others,2005.0,Spring,4.55,9.3,124.67,194.0,
7418,Madhya Pradesh,Satna,Residential and others,2005.0,Summer,4.1,9.25,98.0,203.45,
7419,Madhya Pradesh,Satna,Residential and others,2005.0,Winter,4.7,9.35,117.0,177.88,
7420,Madhya Pradesh,Satna,Residential and others,2006.0,Autumn,3.06,6.65,136.65,195.57,
7421,Madhya Pradesh,Satna,Residential and others,2006.0,Spring,3.14,6.67,152.36,224.84,
7422,Madhya Pradesh,Satna,Residential and others,2006.0,Summer,2.79,6.41,138.89,208.33,
7423,Madhya Pradesh,Satna,Residential and others,2006.0,Winter,3.35,7.16,152.94,223.33,
7424,Madhya Pradesh,Satna,Residential and others,2007.0,Autumn,3.47,7.56,105.73,155.55,
7425,Madhya Pradesh,Satna,Residential and others,2007.0,Spring,3.63,7.83,129.25,192.25,
7426,Madhya Pradesh,Satna,Residential and others,2007.0,Summer,3.72,7.46,127.78,192.78,
7427,Madhya Pradesh,Satna,Residential and others,2007.0,Winter,4.41,9.46,127.5,185.33,
7428,Madhya Pradesh,Satna,Residential and others,2008.0,Autumn,3.11,6.89,95.68,143.74,
7429,Madhya Pradesh,Satna,Residential and others,2008.0,Spring,3.2,6.99,118.82,172.46,
7430,Madhya Pradesh,Satna,Residential and others,2008.0,Summer,3.28,6.92,102.1,147.15,
7431,Madhya Pradesh,Satna,Residential and others,2008.0,Winter,3.61,7.8,121.48,184.17,
7432,Madhya Pradesh,Satna,Residential and others,2009.0,Autumn,3.0,6.13,104.67,162.33,
7433,Madhya Pradesh,Satna,Residential and others,2009.0,Spring,2.95,6.0,123.38,185.88,
7434,Madhya Pradesh,Satna,Residential and others,2009.0,Winter,2.89,6.61,121.53,186.87,
7472,Madhya Pradesh,Satna,"Residential, Rural and other Areas",2001.0,Autumn,7.6,10.2,,,
7473,Madhya Pradesh,Satna,"Residential, Rural and other Areas",2001.0,Spring,10.37,10.43,,,
7474,Madhya Pradesh,Satna,"Residential, Rural and other Areas",2001.0,Summer,5.0,5.7,,,
7475,Madhya Pradesh,Satna,"Residential, Rural and other Areas",2001.0,Winter,14.17,14.93,,,
7476,Madhya Pradesh,Satna,"Residential, Rural and other Areas",2002.0,Autumn,2.97,4.5,,,
7477,Madhya Pradesh,Satna,"Residential, Rural and other Areas",2002.0,Spring,12.83,11.37,,,
7478,Madhya Pradesh,Satna,"Residential, Rural and other Areas",2002.0,Summer,3.17,4.6,,,
7479,Madhya Pradesh,Satna,"Residential, Rural and other Areas",2002.0,Winter,9.67,11.8,,,
7480,Madhya Pradesh,Satna,"Residential, Rural and other Areas",2003.0,Autumn,0.0,0.0,0.0,0.0,
7481,Madhya Pradesh,Satna,"Residential, Rural and other Areas",2003.0,Spring,0.0,0.0,0.0,0.0,
7482,Madhya Pradesh,Satna,"Residential, Rural and other Areas",2003.0,Summer,0.0,0.0,0.0,0.0,
7483,Madhya Pradesh,Satna,"Residential, Rural and other Areas",2003.0,Winter,0.0,0.0,0.0,0.0,
7484,Madhya Pradesh,Satna,"Residential, Rural and other Areas",2010.0,Autumn,2.72,6.03,123.36,170.2,
7485,Madhya Pradesh,Satna,"Residential, Rural and other Areas",2010.0,Spring,2.28,5.04,127.0,161.15,
7486,Madhya Pradesh,Satna,"Residential, Rural and other Areas",2010.0,Summer,2.45,5.28,132.14,170.43,
7487,Madhya Pradesh,Satna,"Residential, Rural and other Areas",2010.0,Winter,2.6,5.85,158.75,238.12,
7488,Madhya Pradesh,Satna,"Residential, Rural and other Areas",2011.0,Autumn,2.33,5.53,93.33,147.0,
7489,Madhya Pradesh,Satna,"Residential, Rural and other Areas",2011.0,Spring,2.3,5.17,97.33,140.33,
7490,Madhya Pradesh,Satna,"Residential, Rural and other Areas",2011.0,Summer,2.0,4.83,101.0,148.33,
7491,Madhya Pradesh,Satna,"Residential, Rural and other Areas",2011.0,Winter,2.92,6.13,100.18,151.73,
7492,Madhya Pradesh,Satna,"Residential, Rural and other Areas",2014.0,Autumn,2.89,6.5,119.43,,
7493,Madhya Pradesh,Satna,"Residential, Rural and other Areas",2014.0,Spring,2.5,6.38,116.14,,
7494,Madhya Pradesh,Satna,"Residential, Rural and other Areas",2014.0,Summer,2.6,5.45,118.47,,
7495,Madhya Pradesh,Satna,"Residential, Rural and other Areas",2014.0,Winter,3.0,6.57,107.27,,
7496,Madhya Pradesh,Satna,"Residential, Rural and other Areas",2015.0,Autumn,,,51.0,,
7497,Madhya Pradesh,Satna,"Residential, Rural and other Areas",2015.0,Spring,,5.72,99.84,,
7498,Madhya Pradesh,Satna,"Residential, Rural and other Areas",2015.0,Summer,,,66.71,,
7499,Madhya Pradesh,Satna,"Residential, Rural and other Areas",2015.0,Winter,,6.56,107.88,,
7500,Madhya Pradesh,Singrauli,Residential and others,2006.0,Autumn,22.99,31.72,65.13,301.63,
7501,Madhya Pradesh,Singrauli,Residential and others,2006.0,Spring,23.79,33.2,96.1,329.32,
7502,Madhya Pradesh,Singrauli,Residential and others,2006.0,Summer,23.44,32.9,79.62,355.38,
7503,Madhya Pradesh,Singrauli,Residential and others,2006.0,Winter,24.4,33.6,85.14,344.57,
7504,Madhya Pradesh,Singrauli,Residential and others,2007.0,Autumn,,,61.29,290.23,
7505,Madhya Pradesh,Singrauli,Residential and others,2007.0,Spring,,,65.39,325.04,
7506,Madhya Pradesh,Singrauli,Residential and others,2007.0,Summer,22.2,27.7,61.75,299.12,
7507,Madhya Pradesh,Singrauli,Residential and others,2007.0,Winter,,,63.91,318.73,
7508,Madhya Pradesh,Singrauli,Residential and others,2008.0,Autumn,,,66.0,329.33,
7509,Madhya Pradesh,Singrauli,Residential and others,2008.0,Spring,15.2,18.5,64.88,318.92,
7510,Madhya Pradesh,Singrauli,Residential and others,2008.0,Summer,,,64.29,313.0,
7511,Madhya Pradesh,Singrauli,Residential and others,2008.0,Winter,,,63.7,310.08,
7512,Madhya Pradesh,Singrauli,Residential and others,2009.0,Autumn,,,,,
7513,Madhya Pradesh,Singrauli,Residential and others,2009.0,Spring,,,51.0,223.5,
7514,Madhya Pradesh,Singrauli,Residential and others,2009.0,Summer,,,65.0,319.5,
7515,Madhya Pradesh,Singrauli,Residential and others,2009.0,Winter,,,62.81,295.12,
7516,Madhya Pradesh,Singrauli,"Residential, Rural and other Areas",2010.0,Autumn,14.6,18.0,57.0,258.6,
7517,Madhya Pradesh,Singrauli,"Residential, Rural and other Areas",2010.0,Spring,16.51,20.46,60.6,292.2,
7518,Madhya Pradesh,Singrauli,"Residential, Rural and other Areas",2010.0,Summer,14.78,18.38,59.25,277.5,
7519,Madhya Pradesh,Singrauli,"Residential, Rural and other Areas",2010.0,Winter,14.76,18.62,57.92,258.15,
7520,Madhya Pradesh,Singrauli,"Residential, Rural and other Areas",2012.0,Spring,23.9,26.5,64.0,,
7521,Madhya Pradesh,Singrauli,"Residential, Rural and other Areas",2012.0,Winter,23.2,24.3,62.0,,
7522,Madhya Pradesh,Singrauli,"Residential, Rural and other Areas",2015.0,Autumn,13.62,17.75,90.83,,43.73
7523,Madhya Pradesh,Singrauli,"Residential, Rural and other Areas",2015.0,Winter,12.72,18.76,89.04,,42.14
7524,Madhya Pradesh,Ujjain,Industrial Area,2010.0,Autumn,15.0,15.41,112.43,232.79,
7525,Madhya Pradesh,Ujjain,Industrial Area,2010.0,Spring,17.92,19.04,125.0,260.11,
7526,Madhya Pradesh,Ujjain,Industrial Area,2010.0,Summer,14.42,16.21,105.35,219.0,
7527,Madhya Pradesh,Ujjain,Industrial Area,2010.0,Winter,14.65,15.64,126.27,261.5,
7528,Madhya Pradesh,Ujjain,Industrial Area,2011.0,Autumn,15.1,15.74,135.27,273.45,
7529,Madhya Pradesh,Ujjain,Industrial Area,2011.0,Spring,18.66,19.53,138.14,282.9,
7530,Madhya Pradesh,Ujjain,Industrial Area,2011.0,Summer,13.74,14.51,108.53,227.67,
7531,Madhya Pradesh,Ujjain,Industrial Area,2011.0,Winter,16.01,16.89,134.4,276.35,
7532,Madhya Pradesh,Ujjain,Industrial Area,2012.0,Autumn,16.61,17.44,129.04,,
7533,Madhya Pradesh,Ujjain,Industrial Area,2012.0,Spring,18.24,19.24,124.64,,
7534,Madhya Pradesh,Ujjain,Industrial Area,2012.0,Summer,15.29,15.97,121.5,,
7535,Madhya Pradesh,Ujjain,Industrial Area,2012.0,Winter,16.42,17.29,133.5,,
7536,Madhya Pradesh,Ujjain,Industrial Area,2013.0,Autumn,16.54,17.25,122.3,247.17,
7537,Madhya Pradesh,Ujjain,Industrial Area,2013.0,Spring,18.32,19.77,117.22,236.78,
7538,Madhya Pradesh,Ujjain,Industrial Area,2013.0,Summer,15.62,17.72,102.92,208.85,
7539,Madhya Pradesh,Ujjain,Industrial Area,2013.0,Winter,17.14,18.04,130.35,261.65,
7540,Madhya Pradesh,Ujjain,Industrial Area,2014.0,Autumn,16.31,17.06,138.69,,
7541,Madhya Pradesh,Ujjain,Industrial Area,2014.0,Spring,19.21,19.88,139.75,,
7542,Madhya Pradesh,Ujjain,Industrial Area,2014.0,Summer,19.25,17.58,134.75,,
7543,Madhya Pradesh,Ujjain,Industrial Area,2014.0,Winter,16.88,17.76,141.72,,
7544,Madhya Pradesh,Ujjain,Industrial Area,2015.0,Autumn,16.0,16.88,137.25,,
7545,Madhya Pradesh,Ujjain,Industrial Area,2015.0,Spring,18.68,19.59,130.77,,
7546,Madhya Pradesh,Ujjain,Industrial Area,2015.0,Summer,14.58,15.42,108.6,,
7547,Madhya Pradesh,Ujjain,Industrial Area,2015.0,Winter,16.09,17.77,132.32,,
7548,Madhya Pradesh,Ujjain,Industrial Area,2006.0,Autumn,16.86,14.21,53.47,118.76,
7549,Madhya Pradesh,Ujjain,Industrial Area,2006.0,Spring,19.86,14.09,49.78,118.78,
7550,Madhya Pradesh,Ujjain,Industrial Area,2006.0,Summer,18.79,15.48,53.67,119.42,
7551,Madhya Pradesh,Ujjain,Industrial Area,2006.0,Winter,19.32,15.05,63.75,142.0,
7552,Madhya Pradesh,Ujjain,Industrial Area,2007.0,Autumn,13.45,14.4,120.62,254.5,
7553,Madhya Pradesh,Ujjain,Industrial Area,2007.0,Spring,15.23,15.18,121.6,249.8,
7554,Madhya Pradesh,Ujjain,Industrial Area,2007.0,Summer,13.58,14.21,117.11,248.28,
7555,Madhya Pradesh,Ujjain,Industrial Area,2007.0,Winter,18.22,19.07,125.96,269.22,
7556,Madhya Pradesh,Ujjain,Industrial Area,2008.0,Autumn,14.79,15.68,149.46,310.0,
7557,Madhya Pradesh,Ujjain,Industrial Area,2008.0,Spring,14.77,15.5,160.19,328.63,
7558,Madhya Pradesh,Ujjain,Industrial Area,2008.0,Summer,14.9,15.46,130.71,271.9,
7559,Madhya Pradesh,Ujjain,Industrial Area,2008.0,Winter,14.74,15.62,167.41,343.96,
7560,Madhya Pradesh,Ujjain,Industrial Area,2009.0,Autumn,13.13,14.04,95.05,212.05,
7561,Madhya Pradesh,Ujjain,Industrial Area,2009.0,Spring,14.51,15.38,131.67,273.13,
7562,Madhya Pradesh,Ujjain,Industrial Area,2009.0,Summer,13.28,14.18,96.95,198.75,
7563,Madhya Pradesh,Ujjain,Industrial Area,2009.0,Winter,14.71,15.7,142.36,275.32,
7564,Madhya Pradesh,Ujjain,Residential and others,2005.0,Spring,10.2,10.3,133.0,280.0,
7565,Madhya Pradesh,Ujjain,Residential and others,2006.0,Autumn,9.05,9.55,51.65,114.65,
7566,Madhya Pradesh,Ujjain,Residential and others,2006.0,Spring,9.43,10.14,61.62,145.62,
7567,Madhya Pradesh,Ujjain,Residential and others,2006.0,Summer,10.23,9.84,47.17,105.33,
7568,Madhya Pradesh,Ujjain,Residential and others,2006.0,Winter,9.72,9.05,49.83,114.83,
7569,Madhya Pradesh,Ujjain,Residential and others,2007.0,Autumn,7.53,9.29,92.09,196.26,
7570,Madhya Pradesh,Ujjain,Residential and others,2007.0,Spring,9.22,10.42,98.72,210.48,
7571,Madhya Pradesh,Ujjain,Residential and others,2007.0,Summer,7.35,9.02,83.08,180.5,
7572,Madhya Pradesh,Ujjain,Residential and others,2007.0,Winter,8.94,10.73,106.93,228.25,
7573,Madhya Pradesh,Ujjain,Residential and others,2008.0,Autumn,7.76,9.23,80.35,171.45,
7574,Madhya Pradesh,Ujjain,Residential and others,2008.0,Spring,6.88,8.45,55.62,121.65,
7575,Madhya Pradesh,Ujjain,Residential and others,2008.0,Summer,7.01,8.55,64.38,139.1,
7576,Madhya Pradesh,Ujjain,Residential and others,2008.0,Winter,7.81,9.38,85.21,181.32,
7577,Madhya Pradesh,Ujjain,Residential and others,2009.0,Autumn,7.85,8.6,48.65,85.26,
7578,Madhya Pradesh,Ujjain,Residential and others,2009.0,Spring,7.96,9.43,59.0,105.1,
7579,Madhya Pradesh,Ujjain,Residential and others,2009.0,Summer,6.86,8.32,47.04,85.22,
7580,Madhya Pradesh,Ujjain,Residential and others,2009.0,Winter,7.95,9.49,64.3,114.65,
7581,Madhya Pradesh,Ujjain,"Residential, Rural and other Areas",2010.0,Autumn,7.22,8.74,56.12,118.88,
7582,Madhya Pradesh,Ujjain,"Residential, Rural and other Areas",2010.0,Spring,7.98,9.55,55.29,112.29,
7583,Madhya Pradesh,Ujjain,"Residential, Rural and other Areas",2010.0,Summer,7.47,8.99,46.15,99.85,
7584,Madhya Pradesh,Ujjain,"Residential, Rural and other Areas",2010.0,Winter,8.06,9.4,58.09,120.45,
7585,Madhya Pradesh,Ujjain,"Residential, Rural and other Areas",2011.0,Autumn,7.95,9.23,63.92,127.88,
7586,Madhya Pradesh,Ujjain,"Residential, Rural and other Areas",2011.0,Spring,8.25,9.52,61.0,125.36,
7587,Madhya Pradesh,Ujjain,"Residential, Rural and other Areas",2011.0,Summer,9.13,10.38,58.55,120.55,
7588,Madhya Pradesh,Ujjain,"Residential, Rural and other Areas",2011.0,Winter,7.76,9.04,67.25,138.0,
7589,Madhya Pradesh,Ujjain,"Residential, Rural and other Areas",2012.0,Autumn,8.53,9.77,61.0,,
7590,Madhya Pradesh,Ujjain,"Residential, Rural and other Areas",2012.0,Spring,8.55,9.76,58.53,,
7591,Madhya Pradesh,Ujjain,"Residential, Rural and other Areas",2012.0,Summer,8.45,9.65,55.0,,
7592,Madhya Pradesh,Ujjain,"Residential, Rural and other Areas",2012.0,Winter,8.99,10.12,62.8,,
7593,Madhya Pradesh,Ujjain,"Residential, Rural and other Areas",2013.0,Autumn,8.91,10.16,59.78,,
7594,Madhya Pradesh,Ujjain,"Residential, Rural and other Areas",2013.0,Spring,8.82,10.09,59.37,,
7595,Madhya Pradesh,Ujjain,"Residential, Rural and other Areas",2013.0,Summer,8.86,9.88,57.0,,
7596,Madhya Pradesh,Ujjain,"Residential, Rural and other Areas",2013.0,Winter,8.75,10.06,57.75,,
7597,Madhya Pradesh,Ujjain,"Residential, Rural and other Areas",2014.0,Autumn,11.29,12.17,82.81,,
7598,Madhya Pradesh,Ujjain,"Residential, Rural and other Areas",2014.0,Spring,11.95,13.0,87.18,,
7599,Madhya Pradesh,Ujjain,"Residential, Rural and other Areas",2014.0,Summer,10.79,11.75,75.81,,
7600,Madhya Pradesh,Ujjain,"Residential, Rural and other Areas",2014.0,Winter,11.26,12.29,83.49,,
7601,Madhya Pradesh,Ujjain,"Residential, Rural and other Areas",2015.0,Autumn,10.94,12.19,90.53,,
7602,Madhya Pradesh,Ujjain,"Residential, Rural and other Areas",2015.0,Spring,13.35,14.16,79.63,,
7603,Madhya Pradesh,Ujjain,"Residential, Rural and other Areas",2015.0,Summer,11.16,12.15,64.97,,
7604,Madhya Pradesh,Ujjain,"Residential, Rural and other Areas",2015.0,Winter,12.62,14.38,103.5,,
7605,Madhya Pradesh,Ujjain,Sensitive Area,2010.0,Autumn,11.78,12.44,64.92,135.83,
7606,Madhya Pradesh,Ujjain,Sensitive Area,2010.0,Spring,13.08,17.48,79.08,167.08,
7607,Madhya Pradesh,Ujjain,Sensitive Area,2010.0,Summer,11.9,12.82,60.63,129.58,
7608,Madhya Pradesh,Ujjain,Sensitive Area,2010.0,Winter,12.33,13.33,73.33,155.53,
7609,Madhya Pradesh,Ujjain,Sensitive Area,2011.0,Spring,21.7,22.6,136.0,276.0,
7610,Madhya Pradesh,Ujjain,Sensitive Area,2011.0,Winter,11.3,11.7,61.0,122.0,
7611,Madhya Pradesh,Ujjain,Sensitive Area,2012.0,Autumn,12.05,12.58,56.74,,
7612,Madhya Pradesh,Ujjain,Sensitive Area,2012.0,Spring,11.7,12.26,54.62,,
7613,Madhya Pradesh,Ujjain,Sensitive Area,2012.0,Summer,11.09,11.59,45.93,,
7614,Madhya Pradesh,Ujjain,Sensitive Area,2012.0,Winter,11.62,12.12,54.86,,
7615,Madhya Pradesh,Ujjain,Sensitive Area,2013.0,Autumn,13.34,13.91,63.19,,
7616,Madhya Pradesh,Ujjain,Sensitive Area,2013.0,Spring,13.26,13.94,60.15,,
7617,Madhya Pradesh,Ujjain,Sensitive Area,2013.0,Summer,11.64,12.38,48.5,,
7618,Madhya Pradesh,Ujjain,Sensitive Area,2013.0,Winter,12.52,13.01,61.82,,
7619,Madhya Pradesh,Ujjain,Sensitive Area,2014.0,Autumn,12.79,13.43,87.47,,
7620,Madhya Pradesh,Ujjain,Sensitive Area,2014.0,Spring,13.52,14.28,89.52,,
7621,Madhya Pradesh,Ujjain,Sensitive Area,2014.0,Summer,12.64,13.43,79.69,,
7622,Madhya Pradesh,Ujjain,Sensitive Area,2014.0,Winter,12.35,13.2,81.1,,
7623,Madhya Pradesh,Ujjain,Sensitive Area,2015.0,Autumn,12.39,13.44,98.06,,
7624,Madhya Pradesh,Ujjain,Sensitive Area,2015.0,Spring,13.35,14.0,79.35,,
7625,Madhya Pradesh,Ujjain,Sensitive Area,2015.0,Summer,12.0,12.81,58.06,,
7626,Madhya Pradesh,Ujjain,Sensitive Area,2015.0,Winter,12.87,14.22,97.52,,
7627,Madhya Pradesh,Ujjain,Sensitive Area,2006.0,Autumn,16.16,13.93,60.0,131.79,
7628,Madhya Pradesh,Ujjain,Sensitive Area,2006.0,Spring,14.73,12.82,58.75,139.38,
7629,Madhya Pradesh,Ujjain,Sensitive Area,2006.0,Summer,17.31,14.54,48.11,106.11,
7630,Madhya Pradesh,Ujjain,Sensitive Area,2006.0,Winter,16.99,13.97,59.78,132.44,
7631,Madhya Pradesh,Ujjain,Sensitive Area,2007.0,Autumn,12.81,14.02,109.5,232.04,
7632,Madhya Pradesh,Ujjain,Sensitive Area,2007.0,Spring,14.59,15.25,118.57,251.86,
7633,Madhya Pradesh,Ujjain,Sensitive Area,2007.0,Summer,12.79,13.44,102.89,219.84,
7634,Madhya Pradesh,Ujjain,Sensitive Area,2007.0,Winter,14.8,16.09,112.09,241.14,
7635,Madhya Pradesh,Ujjain,Sensitive Area,2008.0,Autumn,11.93,12.7,93.11,196.89,
7636,Madhya Pradesh,Ujjain,Sensitive Area,2008.0,Spring,11.96,12.63,63.52,137.14,
7637,Madhya Pradesh,Ujjain,Sensitive Area,2008.0,Summer,10.35,11.25,67.29,145.12,
7638,Madhya Pradesh,Ujjain,Sensitive Area,2008.0,Winter,12.09,13.01,101.25,214.0,
7639,Madhya Pradesh,Ujjain,Sensitive Area,2009.0,Autumn,9.7,10.85,55.45,115.14,
7640,Madhya Pradesh,Ujjain,Sensitive Area,2009.0,Spring,10.87,11.71,65.5,136.62,
7641,Madhya Pradesh,Ujjain,Sensitive Area,2009.0,Summer,8.59,9.77,54.53,111.6,
7642,Madhya Pradesh,Ujjain,Sensitive Area,2009.0,Winter,10.48,11.16,63.14,126.81,
7643,Maharashtra,Akola,Industrial Area,2011.0,Autumn,9.1,10.76,140.81,,
7644,Maharashtra,Akola,Industrial Area,2011.0,Spring,11.77,13.38,156.62,,
7645,Maharashtra,Akola,Industrial Area,2011.0,Summer,8.27,10.45,122.0,,
7646,Maharashtra,Akola,Industrial Area,2011.0,Winter,10.62,12.31,148.0,,
7647,Maharashtra,Akola,Industrial Area,2012.0,Autumn,9.11,10.74,135.91,,
7648,Maharashtra,Akola,Industrial Area,2012.0,Spring,11.12,12.76,151.55,,
7649,Maharashtra,Akola,Industrial Area,2012.0,Summer,9.5,11.08,127.65,,
7650,Maharashtra,Akola,Industrial Area,2012.0,Winter,10.38,11.96,144.36,,
7651,Maharashtra,Akola,Industrial Area,2013.0,Autumn,6.85,7.81,125.69,,
7652,Maharashtra,Akola,Industrial Area,2013.0,Summer,7.14,8.0,121.43,,
7653,Maharashtra,Akola,Industrial Area,2013.0,Winter,9.15,10.69,145.35,,
7654,Maharashtra,Akola,Industrial Area,2015.0,Autumn,9.04,10.25,130.32,,
7655,Maharashtra,Akola,Industrial Area,2015.0,Spring,7.38,9.46,126.42,,
7656,Maharashtra,Akola,Industrial Area,2015.0,Summer,7.17,9.17,122.94,,
7657,Maharashtra,Akola,Industrial Area,2015.0,Winter,8.07,9.93,129.11,,
7658,Maharashtra,Akola,"Residential, Rural and other Areas",2011.0,Autumn,7.1,9.19,123.71,,
7659,Maharashtra,Akola,"Residential, Rural and other Areas",2011.0,Spring,8.0,9.59,126.12,,
7660,Maharashtra,Akola,"Residential, Rural and other Areas",2011.0,Summer,6.2,8.35,108.2,,
7661,Maharashtra,Akola,"Residential, Rural and other Areas",2011.0,Winter,7.46,9.23,125.54,,
7662,Maharashtra,Akola,"Residential, Rural and other Areas",2012.0,Autumn,8.02,9.4,135.48,,
7663,Maharashtra,Akola,"Residential, Rural and other Areas",2012.0,Spring,8.57,10.12,148.1,,
7664,Maharashtra,Akola,"Residential, Rural and other Areas",2012.0,Summer,7.41,9.27,125.06,,
7665,Maharashtra,Akola,"Residential, Rural and other Areas",2012.0,Winter,8.29,9.78,144.52,,
7666,Maharashtra,Akola,"Residential, Rural and other Areas",2013.0,Autumn,6.35,7.37,127.03,,
7667,Maharashtra,Akola,"Residential, Rural and other Areas",2013.0,Summer,7.29,8.14,116.67,,
7668,Maharashtra,Akola,"Residential, Rural and other Areas",2013.0,Winter,7.9,9.02,142.61,,
7669,Maharashtra,Akola,"Residential, Rural and other Areas",2014.0,Autumn,7.42,8.83,143.04,,
7670,Maharashtra,Akola,"Residential, Rural and other Areas",2014.0,Spring,9.42,11.0,163.79,,
7671,Maharashtra,Akola,"Residential, Rural and other Areas",2014.0,Summer,8.52,9.39,146.65,,
7672,Maharashtra,Akola,"Residential, Rural and other Areas",2014.0,Winter,8.43,9.65,151.13,,
7673,Maharashtra,Akola,"Residential, Rural and other Areas",2015.0,Autumn,6.96,7.63,129.37,,
7674,Maharashtra,Akola,"Residential, Rural and other Areas",2015.0,Spring,6.6,7.4,122.31,,
7675,Maharashtra,Akola,"Residential, Rural and other Areas",2015.0,Summer,6.66,7.03,123.69,,
7676,Maharashtra,Akola,"Residential, Rural and other Areas",2015.0,Winter,6.88,7.98,129.71,,
7677,Maharashtra,Amravati,Industrial Area,2010.0,Autumn,12.1,14.13,119.24,,
7678,Maharashtra,Amravati,Industrial Area,2010.0,Spring,12.83,14.78,117.89,,
7679,Maharashtra,Amravati,Industrial Area,2010.0,Summer,11.06,12.96,114.92,,
7680,Maharashtra,Amravati,Industrial Area,2010.0,Winter,12.38,14.43,130.35,,
7681,Maharashtra,Amravati,Industrial Area,2011.0,Autumn,11.04,12.48,95.12,,
7682,Maharashtra,Amravati,Industrial Area,2011.0,Spring,12.05,13.89,125.47,,
7683,Maharashtra,Amravati,Industrial Area,2011.0,Summer,10.52,12.52,94.91,,
7684,Maharashtra,Amravati,Industrial Area,2011.0,Winter,11.05,13.0,109.63,,
7685,Maharashtra,Amravati,Industrial Area,2012.0,Autumn,11.73,13.46,97.42,,
7686,Maharashtra,Amravati,Industrial Area,2012.0,Spring,11.96,13.69,110.85,,
7687,Maharashtra,Amravati,Industrial Area,2012.0,Summer,11.67,13.14,99.76,,
7688,Maharashtra,Amravati,Industrial Area,2012.0,Winter,11.64,13.44,98.92,,
7689,Maharashtra,Amravati,Industrial Area,2013.0,Autumn,12.09,14.22,56.83,,
7690,Maharashtra,Amravati,Industrial Area,2013.0,Spring,11.89,13.63,56.67,,
7691,Maharashtra,Amravati,Industrial Area,2013.0,Summer,11.91,13.64,57.91,,
7692,Maharashtra,Amravati,Industrial Area,2013.0,Winter,11.54,13.42,55.12,,
7693,Maharashtra,Amravati,Industrial Area,2015.0,Autumn,11.38,12.46,104.42,,
7694,Maharashtra,Amravati,Industrial Area,2015.0,Spring,12.35,13.82,118.0,,
7695,Maharashtra,Amravati,Industrial Area,2015.0,Summer,11.85,13.92,113.62,,
7696,Maharashtra,Amravati,Industrial Area,2015.0,Winter,11.92,13.46,105.96,,
7697,Maharashtra,Amravati,Industrial Area,2006.0,Autumn,12.9,22.07,,,
7698,Maharashtra,Amravati,Industrial Area,2006.0,Summer,12.5,19.23,,,
7699,Maharashtra,Amravati,Industrial Area,2006.0,Winter,11.53,13.9,,,
7700,Maharashtra,Amravati,Industrial Area,2007.0,Autumn,9.48,12.36,59.38,,
7701,Maharashtra,Amravati,Industrial Area,2007.0,Spring,11.06,13.97,75.0,,
7702,Maharashtra,Amravati,Industrial Area,2007.0,Summer,8.61,10.58,52.08,,
7703,Maharashtra,Amravati,Industrial Area,2007.0,Winter,9.8,12.92,58.47,,
7704,Maharashtra,Amravati,Industrial Area,2008.0,Autumn,10.54,12.86,67.92,,
7705,Maharashtra,Amravati,Industrial Area,2008.0,Spring,9.36,12.34,63.46,,
7706,Maharashtra,Amravati,Industrial Area,2008.0,Summer,9.74,13.12,65.0,,
7707,Maharashtra,Amravati,Industrial Area,2008.0,Winter,9.71,12.46,60.81,,
7708,Maharashtra,Amravati,Industrial Area,2009.0,Autumn,11.64,13.94,93.58,,
7709,Maharashtra,Amravati,Industrial Area,2009.0,Spring,12.07,14.28,89.36,,
7710,Maharashtra,Amravati,Industrial Area,2009.0,Summer,10.93,12.81,89.85,,
7711,Maharashtra,Amravati,Industrial Area,2009.0,Winter,10.87,12.97,88.32,,
7712,Maharashtra,Amravati,Residential and others,2006.0,Autumn,11.86,20.36,,,
7713,Maharashtra,Amravati,Residential and others,2006.0,Spring,10.66,15.5,,,
7714,Maharashtra,Amravati,Residential and others,2006.0,Summer,9.4,22.4,,,
7715,Maharashtra,Amravati,Residential and others,2006.0,Winter,11.6,14.51,,,
7716,Maharashtra,Amravati,Residential and others,2007.0,Autumn,10.02,12.3,54.96,,
7717,Maharashtra,Amravati,Residential and others,2007.0,Spring,11.42,14.99,74.41,,
7718,Maharashtra,Amravati,Residential and others,2007.0,Summer,8.91,11.48,57.67,,
7719,Maharashtra,Amravati,Residential and others,2007.0,Winter,9.63,13.47,61.71,,
7720,Maharashtra,Amravati,Residential and others,2008.0,Autumn,9.78,12.72,72.27,,
7721,Maharashtra,Amravati,Residential and others,2008.0,Spring,9.32,12.69,65.04,,
7722,Maharashtra,Amravati,Residential and others,2008.0,Summer,9.39,11.91,61.15,,
7723,Maharashtra,Amravati,Residential and others,2008.0,Winter,9.05,12.21,69.9,,
7724,Maharashtra,Amravati,Residential and others,2009.0,Autumn,11.7,13.94,93.37,,
7725,Maharashtra,Amravati,Residential and others,2009.0,Spring,11.51,13.71,92.98,,
7726,Maharashtra,Amravati,Residential and others,2009.0,Summer,11.17,12.97,85.39,,
7727,Maharashtra,Amravati,Residential and others,2009.0,Winter,10.7,12.92,87.69,,
7728,Maharashtra,Amravati,"Residential, Rural and other Areas",2010.0,Autumn,11.89,14.19,105.04,,
7729,Maharashtra,Amravati,"Residential, Rural and other Areas",2010.0,Spring,12.77,15.21,128.6,,
7730,Maharashtra,Amravati,"Residential, Rural and other Areas",2010.0,Summer,11.15,13.32,114.58,,
7731,Maharashtra,Amravati,"Residential, Rural and other Areas",2010.0,Winter,12.26,14.34,116.68,,
7732,Maharashtra,Amravati,"Residential, Rural and other Areas",2011.0,Autumn,10.85,12.92,90.21,,
7733,Maharashtra,Amravati,"Residential, Rural and other Areas",2011.0,Spring,11.43,13.78,107.04,,
7734,Maharashtra,Amravati,"Residential, Rural and other Areas",2011.0,Summer,10.91,12.85,87.13,,
7735,Maharashtra,Amravati,"Residential, Rural and other Areas",2011.0,Winter,11.82,13.94,103.76,,
7736,Maharashtra,Amravati,"Residential, Rural and other Areas",2012.0,Autumn,11.37,13.47,91.05,,
7737,Maharashtra,Amravati,"Residential, Rural and other Areas",2012.0,Spring,11.77,13.87,113.45,,
7738,Maharashtra,Amravati,"Residential, Rural and other Areas",2012.0,Summer,10.97,12.92,98.1,,
7739,Maharashtra,Amravati,"Residential, Rural and other Areas",2012.0,Winter,11.38,13.36,97.79,,
7740,Maharashtra,Amravati,"Residential, Rural and other Areas",2013.0,Autumn,11.17,12.91,110.46,,
7741,Maharashtra,Amravati,"Residential, Rural and other Areas",2013.0,Spring,11.37,13.0,109.47,,
7742,Maharashtra,Amravati,"Residential, Rural and other Areas",2013.0,Summer,10.54,12.64,107.79,,
7743,Maharashtra,Amravati,"Residential, Rural and other Areas",2013.0,Winter,11.36,12.96,107.07,,
7744,Maharashtra,Amravati,"Residential, Rural and other Areas",2014.0,Autumn,11.43,12.91,100.77,,
7745,Maharashtra,Amravati,"Residential, Rural and other Areas",2014.0,Spring,11.94,13.61,116.35,,
7746,Maharashtra,Amravati,"Residential, Rural and other Areas",2014.0,Summer,11.43,13.0,104.89,,
7747,Maharashtra,Amravati,"Residential, Rural and other Areas",2014.0,Winter,11.39,12.93,108.39,,
7748,Maharashtra,Amravati,"Residential, Rural and other Areas",2015.0,Autumn,12.06,13.37,108.27,,
7749,Maharashtra,Amravati,"Residential, Rural and other Areas",2015.0,Spring,12.29,13.88,109.59,,
7750,Maharashtra,Amravati,"Residential, Rural and other Areas",2015.0,Summer,11.63,12.97,103.8,,
7751,Maharashtra,Amravati,"Residential, Rural and other Areas",2015.0,Winter,11.69,13.08,106.04,,
7986,Maharashtra,Chandrapur,Industrial Area,2001.0,Autumn,26.43,52.17,,155.0,
7987,Maharashtra,Chandrapur,Industrial Area,2001.0,Winter,29.53,52.5,,188.67,
7988,Maharashtra,Chandrapur,Industrial Area,2002.0,Autumn,16.73,27.6,,93.0,
7989,Maharashtra,Chandrapur,Industrial Area,2002.0,Spring,15.77,50.37,,,
7990,Maharashtra,Chandrapur,Industrial Area,2002.0,Summer,16.3,45.73,,,
7991,Maharashtra,Chandrapur,Industrial Area,2002.0,Winter,19.0,43.33,,286.0,
7992,Maharashtra,Chandrapur,Industrial Area,2010.0,Autumn,20.88,23.43,146.37,468.69,
7993,Maharashtra,Chandrapur,Industrial Area,2010.0,Spring,34.59,21.59,173.58,504.92,
7994,Maharashtra,Chandrapur,Industrial Area,2010.0,Summer,21.27,20.02,125.98,356.88,
7995,Maharashtra,Chandrapur,Industrial Area,2010.0,Winter,33.49,27.08,165.21,426.88,
7996,Maharashtra,Chandrapur,Industrial Area,2011.0,Autumn,17.84,24.84,145.4,,
7997,Maharashtra,Chandrapur,Industrial Area,2011.0,Spring,34.14,28.55,190.6,,
7998,Maharashtra,Chandrapur,Industrial Area,2011.0,Summer,17.25,20.51,132.13,,
7999,Maharashtra,Chandrapur,Industrial Area,2011.0,Winter,19.38,28.18,163.26,,
8000,Maharashtra,Chandrapur,Industrial Area,2012.0,Autumn,8.07,12.23,156.18,,
8001,Maharashtra,Chandrapur,Industrial Area,2012.0,Spring,10.36,19.6,126.62,,
8002,Maharashtra,Chandrapur,Industrial Area,2012.0,Summer,11.51,16.2,140.93,,
8003,Maharashtra,Chandrapur,Industrial Area,2012.0,Winter,14.25,25.49,134.45,,
8004,Maharashtra,Chandrapur,Industrial Area,2013.0,Autumn,16.1,25.62,116.42,,
8005,Maharashtra,Chandrapur,Industrial Area,2013.0,Spring,18.21,16.83,138.62,,
8006,Maharashtra,Chandrapur,Industrial Area,2013.0,Summer,14.11,17.66,101.43,,
8007,Maharashtra,Chandrapur,Industrial Area,2013.0,Winter,8.44,20.58,113.31,,
8008,Maharashtra,Chandrapur,Industrial Area,2014.0,Autumn,7.72,19.48,158.35,,
8009,Maharashtra,Chandrapur,Industrial Area,2014.0,Spring,11.92,26.38,154.22,,
8010,Maharashtra,Chandrapur,Industrial Area,2014.0,Summer,9.4,25.15,108.61,,
8011,Maharashtra,Chandrapur,Industrial Area,2014.0,Winter,7.78,28.95,121.77,,
8012,Maharashtra,Chandrapur,Industrial Area,2015.0,Autumn,5.59,20.93,81.49,,
8013,Maharashtra,Chandrapur,Industrial Area,2015.0,Spring,4.35,15.19,92.7,,
8014,Maharashtra,Chandrapur,Industrial Area,2015.0,Summer,4.0,18.96,63.64,,
8015,Maharashtra,Chandrapur,Industrial Area,2015.0,Winter,7.98,22.03,86.39,,
8016,Maharashtra,Chandrapur,Industrial Area,2005.0,Autumn,23.99,34.07,92.5,155.32,
8017,Maharashtra,Chandrapur,Industrial Area,2005.0,Spring,30.08,41.5,162.61,230.36,
8018,Maharashtra,Chandrapur,Industrial Area,2005.0,Summer,25.7,36.57,108.77,183.91,
8019,Maharashtra,Chandrapur,Industrial Area,2005.0,Winter,28.89,39.5,123.24,183.5,
8020,Maharashtra,Chandrapur,Industrial Area,2006.0,Autumn,33.58,40.16,89.33,137.35,
8021,Maharashtra,Chandrapur,Industrial Area,2006.0,Spring,28.69,37.3,75.58,119.58,
8022,Maharashtra,Chandrapur,Industrial Area,2006.0,Summer,32.77,41.45,105.08,142.32,
8023,Maharashtra,Chandrapur,Industrial Area,2006.0,Winter,34.32,40.85,107.67,164.26,
8024,Maharashtra,Chandrapur,Industrial Area,2007.0,Autumn,28.96,43.19,104.64,160.64,
8025,Maharashtra,Chandrapur,Industrial Area,2007.0,Spring,53.03,48.1,173.59,229.04,
8026,Maharashtra,Chandrapur,Industrial Area,2007.0,Summer,38.37,47.91,115.42,195.33,
8027,Maharashtra,Chandrapur,Industrial Area,2007.0,Winter,41.78,44.77,189.41,247.07,
8028,Maharashtra,Chandrapur,Industrial Area,2008.0,Autumn,40.72,60.68,150.53,190.47,
8029,Maharashtra,Chandrapur,Industrial Area,2008.0,Spring,35.49,59.18,166.57,249.3,
8030,Maharashtra,Chandrapur,Industrial Area,2008.0,Summer,35.18,56.49,160.05,202.26,
8031,Maharashtra,Chandrapur,Industrial Area,2008.0,Winter,36.23,56.1,151.91,212.5,
8032,Maharashtra,Chandrapur,Industrial Area,2009.0,Autumn,56.58,31.99,144.21,433.67,
8033,Maharashtra,Chandrapur,Industrial Area,2009.0,Spring,38.28,45.18,100.0,181.23,
8034,Maharashtra,Chandrapur,Industrial Area,2009.0,Summer,37.76,26.05,119.18,319.82,
8035,Maharashtra,Chandrapur,Industrial Area,2009.0,Winter,40.1,38.21,121.78,241.74,
8036,Maharashtra,Chandrapur,Residential and others,2005.0,Autumn,18.67,28.61,90.28,130.66,
8037,Maharashtra,Chandrapur,Residential and others,2005.0,Spring,26.04,36.31,131.03,189.07,
8038,Maharashtra,Chandrapur,Residential and others,2005.0,Summer,19.44,29.75,89.8,170.46,
8039,Maharashtra,Chandrapur,Residential and others,2005.0,Winter,21.72,31.72,118.21,161.55,
8040,Maharashtra,Chandrapur,Residential and others,2006.0,Autumn,33.35,38.1,113.19,177.07,
8041,Maharashtra,Chandrapur,Residential and others,2006.0,Spring,22.06,31.09,93.31,148.06,
8042,Maharashtra,Chandrapur,Residential and others,2006.0,Summer,22.7,33.1,98.55,143.19,
8043,Maharashtra,Chandrapur,Residential and others,2006.0,Winter,24.9,32.8,124.28,195.38,
8044,Maharashtra,Chandrapur,Residential and others,2007.0,Autumn,30.94,47.72,157.11,235.84,
8045,Maharashtra,Chandrapur,Residential and others,2007.0,Spring,44.39,56.84,190.75,261.02,
8046,Maharashtra,Chandrapur,Residential and others,2007.0,Summer,30.53,43.48,128.61,225.24,
8047,Maharashtra,Chandrapur,Residential and others,2007.0,Winter,36.88,48.17,207.62,291.44,
8048,Maharashtra,Chandrapur,Residential and others,2008.0,Autumn,34.17,53.53,173.42,228.42,
8049,Maharashtra,Chandrapur,Residential and others,2008.0,Spring,32.04,54.28,193.0,276.32,
8050,Maharashtra,Chandrapur,Residential and others,2008.0,Summer,31.1,50.96,164.91,237.77,
8051,Maharashtra,Chandrapur,Residential and others,2008.0,Winter,33.72,54.12,169.49,238.43,
8052,Maharashtra,Chandrapur,Residential and others,2009.0,Autumn,48.97,32.52,119.05,312.76,
8053,Maharashtra,Chandrapur,Residential and others,2009.0,Spring,33.35,38.16,105.81,200.87,
8054,Maharashtra,Chandrapur,Residential and others,2009.0,Summer,28.15,26.22,74.09,175.94,
8055,Maharashtra,Chandrapur,Residential and others,2009.0,Winter,30.59,39.31,135.73,244.84,
8080,Maharashtra,Chandrapur,"Residential, Rural and other Areas",2001.0,Autumn,24.4,51.03,,157.0,
8081,Maharashtra,Chandrapur,"Residential, Rural and other Areas",2001.0,Winter,25.33,51.17,,189.33,
8082,Maharashtra,Chandrapur,"Residential, Rural and other Areas",2002.0,Autumn,16.07,26.27,,127.0,
8083,Maharashtra,Chandrapur,"Residential, Rural and other Areas",2002.0,Spring,14.0,49.37,,,
8084,Maharashtra,Chandrapur,"Residential, Rural and other Areas",2002.0,Summer,17.23,46.0,,140.0,
8085,Maharashtra,Chandrapur,"Residential, Rural and other Areas",2002.0,Winter,17.97,42.03,,151.0,
8086,Maharashtra,Chandrapur,"Residential, Rural and other Areas",2010.0,Autumn,17.45,27.92,133.08,382.51,
8087,Maharashtra,Chandrapur,"Residential, Rural and other Areas",2010.0,Spring,32.38,32.19,166.66,512.2,
8088,Maharashtra,Chandrapur,"Residential, Rural and other Areas",2010.0,Summer,21.16,23.62,107.3,325.31,
8089,Maharashtra,Chandrapur,"Residential, Rural and other Areas",2010.0,Winter,30.77,36.75,157.32,427.38,
8090,Maharashtra,Chandrapur,"Residential, Rural and other Areas",2011.0,Autumn,18.63,26.83,136.02,,
8091,Maharashtra,Chandrapur,"Residential, Rural and other Areas",2011.0,Spring,33.3,35.3,153.91,,
8092,Maharashtra,Chandrapur,"Residential, Rural and other Areas",2011.0,Summer,17.82,25.54,124.4,,
8093,Maharashtra,Chandrapur,"Residential, Rural and other Areas",2011.0,Winter,17.54,30.57,159.43,,
8094,Maharashtra,Chandrapur,"Residential, Rural and other Areas",2012.0,Autumn,9.44,15.4,152.27,,
8095,Maharashtra,Chandrapur,"Residential, Rural and other Areas",2012.0,Spring,12.47,18.78,161.19,,
8096,Maharashtra,Chandrapur,"Residential, Rural and other Areas",2012.0,Summer,12.35,18.92,124.83,,
8097,Maharashtra,Chandrapur,"Residential, Rural and other Areas",2012.0,Winter,12.25,23.87,153.31,,
8098,Maharashtra,Chandrapur,"Residential, Rural and other Areas",2013.0,Autumn,12.18,26.3,105.82,,
8099,Maharashtra,Chandrapur,"Residential, Rural and other Areas",2013.0,Spring,14.99,22.06,142.14,,
8100,Maharashtra,Chandrapur,"Residential, Rural and other Areas",2013.0,Summer,12.52,19.4,100.58,,
8101,Maharashtra,Chandrapur,"Residential, Rural and other Areas",2013.0,Winter,9.62,25.39,152.35,,
8102,Maharashtra,Chandrapur,"Residential, Rural and other Areas",2014.0,Autumn,8.67,29.18,147.08,,
8103,Maharashtra,Chandrapur,"Residential, Rural and other Areas",2014.0,Spring,11.37,33.18,184.41,,
8104,Maharashtra,Chandrapur,"Residential, Rural and other Areas",2014.0,Summer,8.07,30.02,119.32,,
8105,Maharashtra,Chandrapur,"Residential, Rural and other Areas",2014.0,Winter,5.68,33.8,163.63,,
8106,Maharashtra,Chandrapur,"Residential, Rural and other Areas",2015.0,Autumn,4.48,20.69,90.38,,
8107,Maharashtra,Chandrapur,"Residential, Rural and other Areas",2015.0,Spring,4.63,19.98,119.59,,
8108,Maharashtra,Chandrapur,"Residential, Rural and other Areas",2015.0,Summer,4.0,20.18,77.55,,
8109,Maharashtra,Chandrapur,"Residential, Rural and other Areas",2015.0,Winter,10.28,21.34,118.53,,
8165,Maharashtra,Jalgaon,Industrial Area,2011.0,Autumn,21.65,45.96,130.69,,
8166,Maharashtra,Jalgaon,Industrial Area,2011.0,Spring,23.44,49.4,143.76,,
8167,Maharashtra,Jalgaon,Industrial Area,2011.0,Summer,19.19,43.46,115.42,,
8168,Maharashtra,Jalgaon,Industrial Area,2011.0,Winter,24.5,50.79,146.54,,
8169,Maharashtra,Jalgaon,Industrial Area,2012.0,Autumn,36.56,69.32,123.64,,
8170,Maharashtra,Jalgaon,Industrial Area,2012.0,Spring,39.06,68.11,132.56,,
8171,Maharashtra,Jalgaon,Industrial Area,2012.0,Summer,39.31,76.85,136.79,,
8172,Maharashtra,Jalgaon,Industrial Area,2012.0,Winter,37.8,68.56,142.0,,
8173,Maharashtra,Jalgaon,Industrial Area,2013.0,Autumn,21.7,45.72,112.33,,
8174,Maharashtra,Jalgaon,Industrial Area,2013.0,Spring,27.98,50.19,117.55,,
8175,Maharashtra,Jalgaon,Industrial Area,2013.0,Summer,20.67,41.65,101.56,,
8176,Maharashtra,Jalgaon,Industrial Area,2013.0,Winter,25.62,59.22,127.24,,
8177,Maharashtra,Jalgaon,Industrial Area,2014.0,Autumn,20.65,47.38,131.04,,
8178,Maharashtra,Jalgaon,Industrial Area,2014.0,Spring,23.67,50.33,131.56,,
8179,Maharashtra,Jalgaon,Industrial Area,2014.0,Summer,17.5,43.42,109.5,,
8180,Maharashtra,Jalgaon,Industrial Area,2014.0,Winter,22.37,46.22,120.37,,
8181,Maharashtra,Jalgaon,Industrial Area,2015.0,Autumn,14.85,38.7,110.81,,
8182,Maharashtra,Jalgaon,Industrial Area,2015.0,Spring,21.35,49.85,118.96,,
8183,Maharashtra,Jalgaon,Industrial Area,2015.0,Summer,14.33,38.17,101.96,,
8184,Maharashtra,Jalgaon,Industrial Area,2015.0,Winter,18.48,45.56,121.81,,
8185,Maharashtra,Jalgaon,"Residential, Rural and other Areas",2010.0,Autumn,15.19,41.72,116.09,197.86,
8186,Maharashtra,Jalgaon,"Residential, Rural and other Areas",2010.0,Spring,14.08,39.54,113.0,180.85,
8187,Maharashtra,Jalgaon,"Residential, Rural and other Areas",2010.0,Summer,15.3,41.38,111.87,182.34,
8188,Maharashtra,Jalgaon,"Residential, Rural and other Areas",2010.0,Winter,17.68,44.91,125.44,207.5,
8189,Maharashtra,Jalgaon,"Residential, Rural and other Areas",2011.0,Autumn,14.39,39.22,111.14,,
8190,Maharashtra,Jalgaon,"Residential, Rural and other Areas",2011.0,Spring,15.04,40.61,116.67,,
8191,Maharashtra,Jalgaon,"Residential, Rural and other Areas",2011.0,Summer,12.24,35.33,92.86,,
8192,Maharashtra,Jalgaon,"Residential, Rural and other Areas",2011.0,Winter,16.35,41.94,119.52,,
8193,Maharashtra,Jalgaon,"Residential, Rural and other Areas",2012.0,Autumn,16.25,39.34,113.21,,
8194,Maharashtra,Jalgaon,"Residential, Rural and other Areas",2012.0,Spring,17.28,43.74,134.04,,
8195,Maharashtra,Jalgaon,"Residential, Rural and other Areas",2012.0,Summer,15.08,37.77,112.54,,
8196,Maharashtra,Jalgaon,"Residential, Rural and other Areas",2012.0,Winter,18.43,44.74,126.55,,
8197,Maharashtra,Jalgaon,"Residential, Rural and other Areas",2013.0,Autumn,16.52,36.58,113.67,,
8198,Maharashtra,Jalgaon,"Residential, Rural and other Areas",2013.0,Spring,18.31,46.0,143.02,,
8199,Maharashtra,Jalgaon,"Residential, Rural and other Areas",2013.0,Summer,15.08,34.97,108.26,,
8200,Maharashtra,Jalgaon,"Residential, Rural and other Areas",2013.0,Winter,18.64,42.82,125.74,,
8201,Maharashtra,Jalgaon,"Residential, Rural and other Areas",2014.0,Autumn,17.0,39.35,109.75,,
8202,Maharashtra,Jalgaon,"Residential, Rural and other Areas",2014.0,Spring,21.47,44.15,123.72,,
8203,Maharashtra,Jalgaon,"Residential, Rural and other Areas",2014.0,Summer,14.65,36.85,104.35,,
8204,Maharashtra,Jalgaon,"Residential, Rural and other Areas",2014.0,Winter,17.56,39.17,107.73,,
8205,Maharashtra,Jalgaon,"Residential, Rural and other Areas",2015.0,Autumn,13.16,33.33,107.58,,
8206,Maharashtra,Jalgaon,"Residential, Rural and other Areas",2015.0,Spring,17.77,42.12,108.19,,
8207,Maharashtra,Jalgaon,"Residential, Rural and other Areas",2015.0,Summer,13.11,32.47,91.38,,
8208,Maharashtra,Jalgaon,"Residential, Rural and other Areas",2015.0,Winter,15.45,39.82,111.67,,
8209,Maharashtra,Jalna,Industrial Area,2011.0,Autumn,7.77,27.45,143.36,,
8210,Maharashtra,Jalna,Industrial Area,2011.0,Spring,6.71,25.0,112.29,,
8211,Maharashtra,Jalna,Industrial Area,2011.0,Summer,7.46,24.19,157.38,,
8212,Maharashtra,Jalna,Industrial Area,2011.0,Winter,8.15,27.85,191.92,,
8213,Maharashtra,Jalna,Industrial Area,2012.0,Autumn,11.36,32.32,139.88,,
8214,Maharashtra,Jalna,Industrial Area,2012.0,Spring,8.23,27.23,118.31,,
8215,Maharashtra,Jalna,Industrial Area,2012.0,Summer,8.87,29.96,119.91,,
8216,Maharashtra,Jalna,Industrial Area,2012.0,Winter,9.65,29.87,114.26,,
8217,Maharashtra,Jalna,Industrial Area,2013.0,Autumn,11.04,31.23,128.85,,
8218,Maharashtra,Jalna,Industrial Area,2013.0,Spring,11.56,31.85,141.37,,
8219,Maharashtra,Jalna,Industrial Area,2013.0,Summer,10.91,30.82,116.82,,
8220,Maharashtra,Jalna,Industrial Area,2013.0,Winter,11.96,32.15,166.78,,
8221,Maharashtra,Jalna,Industrial Area,2014.0,Autumn,10.6,29.12,164.52,,
8222,Maharashtra,Jalna,Industrial Area,2014.0,Spring,10.86,30.48,175.48,,
8223,Maharashtra,Jalna,Industrial Area,2014.0,Summer,11.15,30.45,182.45,,
8224,Maharashtra,Jalna,Industrial Area,2014.0,Winter,11.88,32.04,205.38,,
8225,Maharashtra,Jalna,Industrial Area,2015.0,Autumn,11.92,30.8,83.19,,
8226,Maharashtra,Jalna,Industrial Area,2015.0,Spring,12.54,31.35,141.69,,
8227,Maharashtra,Jalna,Industrial Area,2015.0,Summer,10.57,27.5,92.33,,
8228,Maharashtra,Jalna,Industrial Area,2015.0,Winter,12.12,31.94,152.82,,
8229,Maharashtra,Jalna,"Residential, Rural and other Areas",2011.0,Autumn,6.52,24.83,76.35,,
8230,Maharashtra,Jalna,"Residential, Rural and other Areas",2011.0,Spring,5.71,23.47,94.47,,
8231,Maharashtra,Jalna,"Residential, Rural and other Areas",2011.0,Summer,5.21,23.71,66.29,,
8232,Maharashtra,Jalna,"Residential, Rural and other Areas",2011.0,Winter,6.67,24.8,102.67,,
8233,Maharashtra,Jalna,"Residential, Rural and other Areas",2012.0,Autumn,9.92,31.04,87.92,,
8234,Maharashtra,Jalna,"Residential, Rural and other Areas",2012.0,Spring,7.48,29.08,101.84,,
8235,Maharashtra,Jalna,"Residential, Rural and other Areas",2012.0,Summer,8.23,28.42,76.46,,
8236,Maharashtra,Jalna,"Residential, Rural and other Areas",2012.0,Winter,8.73,28.62,113.04,,
8237,Maharashtra,Jalna,"Residential, Rural and other Areas",2013.0,Autumn,9.54,29.88,97.96,,
8238,Maharashtra,Jalna,"Residential, Rural and other Areas",2013.0,Spring,10.0,30.36,108.32,,
8239,Maharashtra,Jalna,"Residential, Rural and other Areas",2013.0,Summer,9.7,29.8,95.65,,
8240,Maharashtra,Jalna,"Residential, Rural and other Areas",2013.0,Winter,10.77,31.23,109.82,,
8241,Maharashtra,Jalna,"Residential, Rural and other Areas",2014.0,Autumn,7.81,28.15,89.31,,
8242,Maharashtra,Jalna,"Residential, Rural and other Areas",2014.0,Spring,9.1,29.48,104.81,,
8243,Maharashtra,Jalna,"Residential, Rural and other Areas",2014.0,Summer,7.72,28.4,76.12,,
8244,Maharashtra,Jalna,"Residential, Rural and other Areas",2014.0,Winter,9.39,30.3,100.87,,
8245,Maharashtra,Jalna,"Residential, Rural and other Areas",2015.0,Autumn,11.6,29.6,120.96,,
8246,Maharashtra,Jalna,"Residential, Rural and other Areas",2015.0,Spring,12.65,32.81,122.77,,
8247,Maharashtra,Jalna,"Residential, Rural and other Areas",2015.0,Summer,7.44,26.62,90.31,,
8248,Maharashtra,Jalna,"Residential, Rural and other Areas",2015.0,Winter,14.18,31.65,134.12,,
8249,Maharashtra,Kolhapur,Residential and others,2005.0,Autumn,7.34,29.24,,,
8250,Maharashtra,Kolhapur,Residential and others,2005.0,Spring,7.82,24.79,,,
8251,Maharashtra,Kolhapur,Residential and others,2005.0,Summer,7.69,22.68,,,
8252,Maharashtra,Kolhapur,Residential and others,2005.0,Winter,8.38,30.47,,,
8253,Maharashtra,Kolhapur,Residential and others,2006.0,Autumn,7.5,23.33,,,
8254,Maharashtra,Kolhapur,Residential and others,2006.0,Spring,9.95,30.56,125.0,418.0,
8255,Maharashtra,Kolhapur,Residential and others,2006.0,Summer,7.75,23.03,,,
8256,Maharashtra,Kolhapur,Residential and others,2006.0,Winter,8.76,27.05,,,
8257,Maharashtra,Kolhapur,Residential and others,2007.0,Autumn,6.28,14.11,69.8,159.84,
8258,Maharashtra,Kolhapur,Residential and others,2007.0,Spring,8.27,22.49,68.42,202.3,
8259,Maharashtra,Kolhapur,Residential and others,2007.0,Summer,6.05,17.52,58.77,142.85,
8260,Maharashtra,Kolhapur,Residential and others,2007.0,Winter,7.72,19.22,67.61,163.49,
8261,Maharashtra,Kolhapur,Residential and others,2008.0,Autumn,10.97,17.2,83.96,197.11,
8262,Maharashtra,Kolhapur,Residential and others,2008.0,Spring,15.99,27.06,93.76,220.59,
8263,Maharashtra,Kolhapur,Residential and others,2008.0,Summer,11.8,20.72,74.98,170.2,
8264,Maharashtra,Kolhapur,Residential and others,2008.0,Winter,11.02,19.32,88.81,204.58,
8265,Maharashtra,Kolhapur,Residential and others,2009.0,Autumn,10.6,13.01,77.56,185.33,
8266,Maharashtra,Kolhapur,Residential and others,2009.0,Spring,13.1,16.73,89.01,243.17,
8267,Maharashtra,Kolhapur,Residential and others,2009.0,Summer,11.5,14.72,76.95,188.73,
8268,Maharashtra,Kolhapur,Residential and others,2009.0,Winter,11.02,13.67,82.91,221.18,
8269,Maharashtra,Kolhapur,"Residential, Rural and other Areas",2010.0,Autumn,14.9,19.14,82.43,209.44,
8270,Maharashtra,Kolhapur,"Residential, Rural and other Areas",2010.0,Spring,17.18,20.24,90.56,228.01,
8271,Maharashtra,Kolhapur,"Residential, Rural and other Areas",2010.0,Summer,13.5,16.64,74.66,181.28,
8272,Maharashtra,Kolhapur,"Residential, Rural and other Areas",2010.0,Winter,14.19,17.57,83.69,212.32,
8273,Maharashtra,Kolhapur,"Residential, Rural and other Areas",2011.0,Autumn,17.06,21.74,87.79,,
8274,Maharashtra,Kolhapur,"Residential, Rural and other Areas",2011.0,Spring,17.34,22.88,92.29,,
8275,Maharashtra,Kolhapur,"Residential, Rural and other Areas",2011.0,Summer,14.26,19.12,73.23,,
8276,Maharashtra,Kolhapur,"Residential, Rural and other Areas",2011.0,Winter,16.87,22.33,90.12,,
8277,Maharashtra,Kolhapur,"Residential, Rural and other Areas",2012.0,Autumn,20.06,27.64,111.17,,
8278,Maharashtra,Kolhapur,"Residential, Rural and other Areas",2012.0,Spring,21.44,31.47,115.85,,
8279,Maharashtra,Kolhapur,"Residential, Rural and other Areas",2012.0,Summer,18.49,26.48,99.29,,
8280,Maharashtra,Kolhapur,"Residential, Rural and other Areas",2012.0,Winter,20.44,29.21,112.99,,
8281,Maharashtra,Kolhapur,"Residential, Rural and other Areas",2013.0,Autumn,23.11,34.49,109.3,,
8282,Maharashtra,Kolhapur,"Residential, Rural and other Areas",2013.0,Spring,22.49,39.68,124.22,,
8283,Maharashtra,Kolhapur,"Residential, Rural and other Areas",2013.0,Summer,17.38,26.72,89.88,,
8284,Maharashtra,Kolhapur,"Residential, Rural and other Areas",2013.0,Winter,25.49,41.12,142.78,,
8285,Maharashtra,Kolhapur,"Residential, Rural and other Areas",2014.0,Autumn,19.04,33.45,96.25,,
8286,Maharashtra,Kolhapur,"Residential, Rural and other Areas",2014.0,Spring,23.03,37.01,98.0,,
8287,Maharashtra,Kolhapur,"Residential, Rural and other Areas",2014.0,Summer,17.21,28.92,81.21,,
8288,Maharashtra,Kolhapur,"Residential, Rural and other Areas",2014.0,Winter,24.76,44.16,117.33,,
8289,Maharashtra,Kolhapur,"Residential, Rural and other Areas",2015.0,Autumn,19.41,41.76,96.58,,
8290,Maharashtra,Kolhapur,"Residential, Rural and other Areas",2015.0,Spring,23.51,37.87,105.9,,
8291,Maharashtra,Kolhapur,"Residential, Rural and other Areas",2015.0,Summer,13.99,24.04,78.04,,
8292,Maharashtra,Kolhapur,"Residential, Rural and other Areas",2015.0,Winter,26.01,47.56,107.78,,
8293,Maharashtra,Latur,Industrial Area,2010.0,Autumn,5.59,14.91,74.5,167.04,
8294,Maharashtra,Latur,Industrial Area,2010.0,Spring,10.73,18.77,102.65,211.08,
8295,Maharashtra,Latur,Industrial Area,2010.0,Summer,7.91,16.17,77.54,168.54,
8296,Maharashtra,Latur,Industrial Area,2010.0,Winter,8.8,18.88,82.96,165.76,
8297,Maharashtra,Latur,Industrial Area,2011.0,Autumn,5.62,15.85,89.04,,
8298,Maharashtra,Latur,Industrial Area,2011.0,Spring,5.79,15.83,74.93,,
8299,Maharashtra,Latur,Industrial Area,2011.0,Summer,5.39,15.43,67.04,,
8300,Maharashtra,Latur,Industrial Area,2011.0,Winter,5.67,17.44,101.48,,
8301,Maharashtra,Latur,Industrial Area,2012.0,Autumn,9.54,25.81,92.81,,
8302,Maharashtra,Latur,Industrial Area,2012.0,Spring,8.72,19.36,111.12,,
8303,Maharashtra,Latur,Industrial Area,2012.0,Summer,8.92,17.46,58.62,,
8304,Maharashtra,Latur,Industrial Area,2012.0,Winter,6.0,17.71,122.92,,
8305,Maharashtra,Latur,Industrial Area,2013.0,Autumn,6.04,15.32,74.72,,
8306,Maharashtra,Latur,Industrial Area,2013.0,Spring,5.4,18.4,94.8,,
8307,Maharashtra,Latur,Industrial Area,2013.0,Summer,5.82,14.68,48.82,,
8308,Maharashtra,Latur,Industrial Area,2013.0,Winter,6.38,14.96,94.38,,
8309,Maharashtra,Latur,Industrial Area,2014.0,Autumn,5.04,12.92,83.08,,
8310,Maharashtra,Latur,Industrial Area,2014.0,Spring,6.8,19.68,97.32,,
8311,Maharashtra,Latur,Industrial Area,2014.0,Summer,5.57,14.57,85.89,,
8312,Maharashtra,Latur,Industrial Area,2014.0,Winter,5.65,14.88,104.62,,
8313,Maharashtra,Latur,Industrial Area,2015.0,Autumn,5.76,19.38,80.21,,
8314,Maharashtra,Latur,Industrial Area,2015.0,Spring,4.73,12.65,92.12,,
8315,Maharashtra,Latur,Industrial Area,2015.0,Summer,5.22,12.37,42.0,,
8316,Maharashtra,Latur,Industrial Area,2015.0,Winter,4.75,14.12,106.62,,
8317,Maharashtra,Latur,"Residential, Rural and other Areas",2010.0,Autumn,7.3,15.28,114.62,249.47,
8318,Maharashtra,Latur,"Residential, Rural and other Areas",2010.0,Spring,9.68,18.68,125.61,309.32,
8319,Maharashtra,Latur,"Residential, Rural and other Areas",2010.0,Summer,6.53,14.18,114.8,253.9,
8320,Maharashtra,Latur,"Residential, Rural and other Areas",2010.0,Winter,7.32,17.35,125.11,322.09,
8321,Maharashtra,Latur,"Residential, Rural and other Areas",2011.0,Autumn,6.37,15.27,123.34,,
8322,Maharashtra,Latur,"Residential, Rural and other Areas",2011.0,Spring,6.1,16.1,118.1,,
8323,Maharashtra,Latur,"Residential, Rural and other Areas",2011.0,Summer,5.61,13.69,125.75,,
8324,Maharashtra,Latur,"Residential, Rural and other Areas",2011.0,Winter,6.76,16.86,158.82,,
8325,Maharashtra,Latur,"Residential, Rural and other Areas",2012.0,Autumn,8.69,21.63,108.77,,
8326,Maharashtra,Latur,"Residential, Rural and other Areas",2012.0,Spring,8.13,18.55,147.43,,
8327,Maharashtra,Latur,"Residential, Rural and other Areas",2012.0,Summer,8.04,22.47,104.49,,
8328,Maharashtra,Latur,"Residential, Rural and other Areas",2012.0,Winter,7.57,19.47,145.27,,
8329,Maharashtra,Latur,"Residential, Rural and other Areas",2013.0,Autumn,7.04,16.63,95.16,,
8330,Maharashtra,Latur,"Residential, Rural and other Areas",2013.0,Spring,6.7,19.06,117.52,,
8331,Maharashtra,Latur,"Residential, Rural and other Areas",2013.0,Summer,7.35,16.49,80.96,,
8332,Maharashtra,Latur,"Residential, Rural and other Areas",2013.0,Winter,5.49,17.29,130.57,,
8333,Maharashtra,Latur,"Residential, Rural and other Areas",2014.0,Autumn,5.69,15.57,79.18,,
8334,Maharashtra,Latur,"Residential, Rural and other Areas",2014.0,Spring,7.23,19.46,96.04,,
8335,Maharashtra,Latur,"Residential, Rural and other Areas",2014.0,Summer,5.31,15.06,82.69,,
8336,Maharashtra,Latur,"Residential, Rural and other Areas",2014.0,Winter,5.68,16.15,101.5,,
8337,Maharashtra,Latur,"Residential, Rural and other Areas",2015.0,Autumn,5.78,18.53,80.51,,
8338,Maharashtra,Latur,"Residential, Rural and other Areas",2015.0,Spring,4.81,13.31,88.12,,
8339,Maharashtra,Latur,"Residential, Rural and other Areas",2015.0,Summer,4.94,12.62,50.98,,
8340,Maharashtra,Latur,"Residential, Rural and other Areas",2015.0,Winter,4.74,16.71,104.76,,
8429,Maharashtra,Mumbai,Industrial Area,2004.0,Autumn,,,,96.18,
8430,Maharashtra,Mumbai,Industrial Area,2004.0,Spring,,,,60.92,
8431,Maharashtra,Mumbai,Industrial Area,2004.0,Summer,,,,54.17,
8432,Maharashtra,Mumbai,Industrial Area,2004.0,Winter,,,,108.91,
8433,Maharashtra,Mumbai,Industrial Area,2010.0,Autumn,2.96,12.33,101.04,,
8434,Maharashtra,Mumbai,Industrial Area,2010.0,Spring,4.3,17.13,97.7,,
8435,Maharashtra,Mumbai,Industrial Area,2010.0,Summer,4.13,9.52,87.87,,
8436,Maharashtra,Mumbai,Industrial Area,2010.0,Winter,3.92,26.12,163.6,,
8437,Maharashtra,Mumbai,Industrial Area,2011.0,Autumn,4.71,36.54,145.32,,
8438,Maharashtra,Mumbai,Industrial Area,2011.0,Spring,6.33,22.67,159.33,,
8439,Maharashtra,Mumbai,Industrial Area,2011.0,Summer,4.05,19.05,92.76,,
8440,Maharashtra,Mumbai,Industrial Area,2011.0,Winter,4.26,33.74,212.74,,
8441,Maharashtra,Mumbai,Industrial Area,2012.0,Autumn,4.33,24.61,156.56,,
8442,Maharashtra,Mumbai,Industrial Area,2012.0,Spring,7.81,19.1,145.95,,
8443,Maharashtra,Mumbai,Industrial Area,2012.0,Summer,6.0,14.95,95.21,,
8444,Maharashtra,Mumbai,Industrial Area,2012.0,Winter,4.94,22.39,196.06,,
8445,Maharashtra,Mumbai,Industrial Area,2013.0,Autumn,4.0,15.71,120.14,,
8446,Maharashtra,Mumbai,Industrial Area,2013.0,Spring,2.57,10.96,131.35,,
8447,Maharashtra,Mumbai,Industrial Area,2013.0,Summer,2.94,11.94,130.24,,
8448,Maharashtra,Mumbai,Industrial Area,2013.0,Winter,2.35,8.65,183.48,,
8449,Maharashtra,Mumbai,Industrial Area,2014.0,Autumn,4.0,22.13,89.47,,
8450,Maharashtra,Mumbai,Industrial Area,2014.0,Spring,3.81,26.1,127.19,,
8451,Maharashtra,Mumbai,Industrial Area,2014.0,Summer,3.65,10.04,93.04,,
8452,Maharashtra,Mumbai,Industrial Area,2014.0,Winter,5.12,21.65,175.59,,
8453,Maharashtra,Mumbai,Industrial Area,2015.0,Autumn,4.91,35.04,161.3,,
8454,Maharashtra,Mumbai,Industrial Area,2015.0,Spring,4.0,20.17,99.17,,
8455,Maharashtra,Mumbai,Industrial Area,2015.0,Summer,2.74,14.83,54.7,,
8456,Maharashtra,Mumbai,Industrial Area,2015.0,Winter,6.62,30.12,161.25,,
8457,Maharashtra,Mumbai,Industrial Area,2007.0,Autumn,12.15,55.38,135.0,338.78,
8458,Maharashtra,Mumbai,Industrial Area,2007.0,Spring,9.37,28.86,70.48,241.38,
8459,Maharashtra,Mumbai,Industrial Area,2007.0,Summer,7.65,34.79,77.67,218.08,
8460,Maharashtra,Mumbai,Industrial Area,2007.0,Winter,15.71,54.32,126.55,324.45,
8461,Maharashtra,Mumbai,Industrial Area,2008.0,Autumn,7.65,43.78,125.5,320.08,
8462,Maharashtra,Mumbai,Industrial Area,2008.0,Spring,7.69,30.72,117.04,244.0,
8463,Maharashtra,Mumbai,Industrial Area,2008.0,Summer,7.33,24.59,87.92,193.43,
8464,Maharashtra,Mumbai,Industrial Area,2008.0,Winter,11.43,42.25,135.62,317.35,
8465,Maharashtra,Mumbai,Industrial Area,2009.0,Autumn,4.96,46.61,128.96,290.27,
8466,Maharashtra,Mumbai,Industrial Area,2009.0,Spring,5.85,34.01,125.82,297.32,
8467,Maharashtra,Mumbai,Industrial Area,2009.0,Summer,5.15,30.73,91.5,197.91,
8468,Maharashtra,Mumbai,Industrial Area,2009.0,Winter,7.44,49.44,164.77,355.82,
8469,Maharashtra,Mumbai,Residential and others,2007.0,Autumn,17.79,55.81,157.94,296.13,
8470,Maharashtra,Mumbai,Residential and others,2007.0,Spring,8.8,37.2,77.67,220.6,
8471,Maharashtra,Mumbai,Residential and others,2007.0,Summer,7.86,39.3,68.08,189.54,
8472,Maharashtra,Mumbai,Residential and others,2007.0,Winter,18.08,62.83,135.29,307.24,
8473,Maharashtra,Mumbai,Residential and others,2008.0,Autumn,11.55,52.99,151.19,268.29,
8474,Maharashtra,Mumbai,Residential and others,2008.0,Spring,8.52,34.24,105.82,213.6,
8475,Maharashtra,Mumbai,Residential and others,2008.0,Summer,9.69,24.56,106.83,215.71,
8476,Maharashtra,Mumbai,Residential and others,2008.0,Winter,16.37,57.86,163.74,320.51,
8477,Maharashtra,Mumbai,Residential and others,2009.0,Autumn,6.73,43.92,103.16,237.96,
8478,Maharashtra,Mumbai,Residential and others,2009.0,Spring,6.53,34.85,102.21,251.55,
8479,Maharashtra,Mumbai,Residential and others,2009.0,Summer,5.68,32.07,109.29,209.39,
8480,Maharashtra,Mumbai,Residential and others,2009.0,Winter,10.41,51.84,132.57,285.36,
8481,Maharashtra,Mumbai,"Residential, Rural and other Areas",2004.0,Autumn,,,,80.16,
8482,Maharashtra,Mumbai,"Residential, Rural and other Areas",2004.0,Spring,,,,76.21,
8483,Maharashtra,Mumbai,"Residential, Rural and other Areas",2004.0,Summer,,,,49.87,
8484,Maharashtra,Mumbai,"Residential, Rural and other Areas",2004.0,Winter,,,,97.09,
8485,Maharashtra,Mumbai,"Residential, Rural and other Areas",2010.0,Autumn,2.72,11.96,101.72,151.67,
8486,Maharashtra,Mumbai,"Residential, Rural and other Areas",2010.0,Spring,3.73,22.58,98.42,191.0,
8487,Maharashtra,Mumbai,"Residential, Rural and other Areas",2010.0,Summer,3.23,14.85,72.85,155.04,
8488,Maharashtra,Mumbai,"Residential, Rural and other Areas",2010.0,Winter,5.77,42.27,127.23,218.68,
8489,Maharashtra,Mumbai,"Residential, Rural and other Areas",2011.0,Autumn,5.14,44.52,109.33,,
8490,Maharashtra,Mumbai,"Residential, Rural and other Areas",2011.0,Spring,6.59,30.85,100.56,,
8491,Maharashtra,Mumbai,"Residential, Rural and other Areas",2011.0,Summer,3.88,23.45,85.73,,
8492,Maharashtra,Mumbai,"Residential, Rural and other Areas",2011.0,Winter,7.0,51.67,116.7,,
8493,Maharashtra,Mumbai,"Residential, Rural and other Areas",2012.0,Autumn,4.14,22.92,111.75,,
8494,Maharashtra,Mumbai,"Residential, Rural and other Areas",2012.0,Spring,4.68,22.22,112.7,,
8495,Maharashtra,Mumbai,"Residential, Rural and other Areas",2012.0,Summer,5.21,13.84,74.4,,
8496,Maharashtra,Mumbai,"Residential, Rural and other Areas",2012.0,Winter,3.57,25.68,118.93,,
8497,Maharashtra,Mumbai,"Residential, Rural and other Areas",2013.0,Autumn,3.6,18.54,100.76,,
8498,Maharashtra,Mumbai,"Residential, Rural and other Areas",2013.0,Spring,3.09,14.56,92.24,,
8499,Maharashtra,Mumbai,"Residential, Rural and other Areas",2013.0,Summer,3.15,11.85,94.39,,
8500,Maharashtra,Mumbai,"Residential, Rural and other Areas",2013.0,Winter,2.17,9.22,138.22,,
8501,Maharashtra,Mumbai,"Residential, Rural and other Areas",2014.0,Autumn,3.92,19.09,115.03,,
8502,Maharashtra,Mumbai,"Residential, Rural and other Areas",2014.0,Spring,4.46,25.05,76.05,,
8503,Maharashtra,Mumbai,"Residential, Rural and other Areas",2014.0,Summer,3.3,13.52,54.39,,
8504,Maharashtra,Mumbai,"Residential, Rural and other Areas",2014.0,Winter,4.29,22.87,98.05,,
8505,Maharashtra,Mumbai,"Residential, Rural and other Areas",2015.0,Autumn,5.92,32.54,134.17,,
8506,Maharashtra,Mumbai,"Residential, Rural and other Areas",2015.0,Spring,2.75,29.29,78.88,,
8507,Maharashtra,Mumbai,"Residential, Rural and other Areas",2015.0,Summer,2.52,17.57,71.96,,
8508,Maharashtra,Mumbai,"Residential, Rural and other Areas",2015.0,Winter,5.52,19.32,109.04,,
8551,Maharashtra,Nagpur,Industrial Area,2001.0,Autumn,11.98,18.08,,226.17,
8552,Maharashtra,Nagpur,Industrial Area,2001.0,Spring,8.02,14.8,,148.67,
8553,Maharashtra,Nagpur,Industrial Area,2001.0,Summer,8.6,11.45,,163.5,
8554,Maharashtra,Nagpur,Industrial Area,2001.0,Winter,8.34,21.4,,225.8,
8555,Maharashtra,Nagpur,Industrial Area,2002.0,Autumn,9.28,15.22,,244.33,
8556,Maharashtra,Nagpur,Industrial Area,2002.0,Spring,8.48,14.0,,274.67,
8557,Maharashtra,Nagpur,Industrial Area,2002.0,Summer,9.3,12.88,,188.83,
8558,Maharashtra,Nagpur,Industrial Area,2002.0,Winter,9.68,17.6,,245.5,
8559,Maharashtra,Nagpur,Industrial Area,2003.0,Autumn,5.75,19.25,,186.5,
8560,Maharashtra,Nagpur,Industrial Area,2003.0,Spring,5.7,16.13,,229.13,
8561,Maharashtra,Nagpur,Industrial Area,2003.0,Summer,6.12,16.0,,109.88,
8562,Maharashtra,Nagpur,Industrial Area,2003.0,Winter,6.06,26.65,,263.12,
8563,Maharashtra,Nagpur,Industrial Area,2004.0,Autumn,9.94,25.07,58.68,207.19,
8564,Maharashtra,Nagpur,Industrial Area,2004.0,Spring,9.41,17.54,53.66,207.07,
8565,Maharashtra,Nagpur,Industrial Area,2004.0,Summer,9.42,18.82,41.67,169.57,
8566,Maharashtra,Nagpur,Industrial Area,2004.0,Winter,9.91,24.11,70.32,239.32,
8567,Maharashtra,Nagpur,Industrial Area,2010.0,Autumn,7.75,31.33,132.92,196.7,
8568,Maharashtra,Nagpur,Industrial Area,2010.0,Spring,8.0,32.95,154.81,184.31,
8569,Maharashtra,Nagpur,Industrial Area,2010.0,Summer,8.86,31.11,120.32,174.0,
8570,Maharashtra,Nagpur,Industrial Area,2010.0,Winter,10.27,43.54,143.15,221.8,
8571,Maharashtra,Nagpur,Industrial Area,2011.0,Autumn,7.88,32.59,139.2,,
8572,Maharashtra,Nagpur,Industrial Area,2011.0,Spring,7.65,31.35,114.52,,
8573,Maharashtra,Nagpur,Industrial Area,2011.0,Summer,8.67,31.22,105.09,,
8574,Maharashtra,Nagpur,Industrial Area,2011.0,Winter,10.15,41.46,150.28,,
8575,Maharashtra,Nagpur,Industrial Area,2012.0,Autumn,9.06,34.15,131.75,,
8576,Maharashtra,Nagpur,Industrial Area,2012.0,Spring,9.22,30.2,150.4,,
8577,Maharashtra,Nagpur,Industrial Area,2012.0,Summer,19.35,26.82,114.65,,
8578,Maharashtra,Nagpur,Industrial Area,2012.0,Winter,8.59,33.55,128.95,,
8579,Maharashtra,Nagpur,Industrial Area,2013.0,Autumn,11.23,33.33,126.27,,
8580,Maharashtra,Nagpur,Industrial Area,2013.0,Spring,10.33,31.9,110.2,,
8581,Maharashtra,Nagpur,Industrial Area,2013.0,Summer,11.46,33.88,138.0,,
8582,Maharashtra,Nagpur,Industrial Area,2013.0,Winter,11.81,39.71,98.1,,
8583,Maharashtra,Nagpur,Industrial Area,2014.0,Autumn,11.15,33.74,134.96,,
8584,Maharashtra,Nagpur,Industrial Area,2014.0,Spring,10.96,31.44,125.08,,
8585,Maharashtra,Nagpur,Industrial Area,2014.0,Summer,10.35,29.77,99.77,,
8586,Maharashtra,Nagpur,Industrial Area,2014.0,Winter,11.31,35.77,118.73,,
8587,Maharashtra,Nagpur,Industrial Area,2015.0,Autumn,14.12,27.96,91.08,,
8588,Maharashtra,Nagpur,Industrial Area,2015.0,Spring,8.02,19.38,102.53,,
8589,Maharashtra,Nagpur,Industrial Area,2015.0,Summer,11.14,19.62,94.78,,
8590,Maharashtra,Nagpur,Industrial Area,2015.0,Winter,16.89,34.09,137.16,,
8591,Maharashtra,Nagpur,Industrial Area,2005.0,Autumn,9.32,27.63,93.83,253.09,
8592,Maharashtra,Nagpur,Industrial Area,2005.0,Spring,11.28,22.61,82.67,236.89,
8593,Maharashtra,Nagpur,Industrial Area,2005.0,Summer,9.72,31.4,78.41,223.71,
8594,Maharashtra,Nagpur,Industrial Area,2005.0,Winter,10.45,35.71,105.51,255.33,
8595,Maharashtra,Nagpur,Industrial Area,2006.0,Autumn,10.88,32.98,82.38,204.56,
8596,Maharashtra,Nagpur,Industrial Area,2006.0,Spring,10.08,33.21,83.23,211.21,
8597,Maharashtra,Nagpur,Industrial Area,2006.0,Summer,9.49,25.64,77.19,173.23,
8598,Maharashtra,Nagpur,Industrial Area,2006.0,Winter,9.9,33.25,109.5,227.89,
8599,Maharashtra,Nagpur,Industrial Area,2007.0,Autumn,11.25,32.12,181.1,265.82,
8600,Maharashtra,Nagpur,Industrial Area,2007.0,Spring,9.76,30.46,144.44,232.83,
8601,Maharashtra,Nagpur,Industrial Area,2007.0,Summer,7.58,18.78,116.96,197.15,
8602,Maharashtra,Nagpur,Industrial Area,2007.0,Winter,9.0,31.29,183.29,269.95,
8603,Maharashtra,Nagpur,Industrial Area,2008.0,Autumn,12.13,38.33,138.79,214.06,
8604,Maharashtra,Nagpur,Industrial Area,2008.0,Spring,10.78,33.88,158.24,227.96,
8605,Maharashtra,Nagpur,Industrial Area,2008.0,Summer,9.18,33.87,122.72,189.61,
8606,Maharashtra,Nagpur,Industrial Area,2008.0,Winter,10.27,31.66,170.86,254.48,
8607,Maharashtra,Nagpur,Industrial Area,2009.0,Autumn,10.01,35.91,123.78,171.95,
8608,Maharashtra,Nagpur,Industrial Area,2009.0,Spring,8.58,31.32,161.67,229.89,
8609,Maharashtra,Nagpur,Industrial Area,2009.0,Summer,7.32,25.77,91.39,134.86,
8610,Maharashtra,Nagpur,Industrial Area,2009.0,Winter,9.42,34.71,168.38,231.81,
8611,Maharashtra,Nagpur,Residential and others,2005.0,Autumn,8.97,26.56,65.9,206.31,
8612,Maharashtra,Nagpur,Residential and others,2005.0,Spring,10.16,25.75,63.27,207.46,
8613,Maharashtra,Nagpur,Residential and others,2005.0,Summer,9.62,26.9,58.03,209.8,
8614,Maharashtra,Nagpur,Residential and others,2005.0,Winter,9.44,27.7,79.52,219.74,
8615,Maharashtra,Nagpur,Residential and others,2006.0,Autumn,11.19,33.84,61.04,188.08,
8616,Maharashtra,Nagpur,Residential and others,2006.0,Spring,9.61,27.23,54.89,162.24,
8617,Maharashtra,Nagpur,Residential and others,2006.0,Summer,9.3,26.69,38.4,156.02,
8618,Maharashtra,Nagpur,Residential and others,2006.0,Winter,10.44,31.0,78.87,200.27,
8619,Maharashtra,Nagpur,Residential and others,2007.0,Autumn,8.79,25.36,127.1,221.56,
8620,Maharashtra,Nagpur,Residential and others,2007.0,Spring,8.27,27.86,90.26,183.03,
8621,Maharashtra,Nagpur,Residential and others,2007.0,Summer,7.51,21.82,90.31,174.77,
8622,Maharashtra,Nagpur,Residential and others,2007.0,Winter,8.16,29.34,121.75,227.87,
8623,Maharashtra,Nagpur,Residential and others,2008.0,Autumn,13.19,39.11,82.51,155.08,
8624,Maharashtra,Nagpur,Residential and others,2008.0,Spring,8.54,28.8,108.01,200.48,
8625,Maharashtra,Nagpur,Residential and others,2008.0,Summer,9.12,31.81,81.46,146.02,
8626,Maharashtra,Nagpur,Residential and others,2008.0,Winter,8.49,32.17,115.0,201.76,
8627,Maharashtra,Nagpur,Residential and others,2009.0,Autumn,9.92,31.84,83.34,139.27,
8628,Maharashtra,Nagpur,Residential and others,2009.0,Spring,8.46,33.24,100.55,173.0,
8629,Maharashtra,Nagpur,Residential and others,2009.0,Summer,7.67,25.19,61.92,112.05,
8630,Maharashtra,Nagpur,Residential and others,2009.0,Winter,9.12,33.85,100.85,171.21,
8673,Maharashtra,Nagpur,"Residential, Rural and other Areas",2001.0,Autumn,8.71,16.82,,226.09,
8674,Maharashtra,Nagpur,"Residential, Rural and other Areas",2001.0,Spring,7.72,20.41,,207.83,
8675,Maharashtra,Nagpur,"Residential, Rural and other Areas",2001.0,Summer,8.23,16.1,,197.33,
8676,Maharashtra,Nagpur,"Residential, Rural and other Areas",2001.0,Winter,8.15,25.12,,252.8,
8677,Maharashtra,Nagpur,"Residential, Rural and other Areas",2002.0,Autumn,8.26,16.58,,214.83,
8678,Maharashtra,Nagpur,"Residential, Rural and other Areas",2002.0,Spring,8.12,16.46,,268.83,
8679,Maharashtra,Nagpur,"Residential, Rural and other Areas",2002.0,Summer,8.08,13.91,,185.83,
8680,Maharashtra,Nagpur,"Residential, Rural and other Areas",2002.0,Winter,8.34,19.62,,251.67,
8681,Maharashtra,Nagpur,"Residential, Rural and other Areas",2003.0,Autumn,6.15,21.04,,169.45,
8682,Maharashtra,Nagpur,"Residential, Rural and other Areas",2003.0,Spring,6.1,16.59,,190.95,
8683,Maharashtra,Nagpur,"Residential, Rural and other Areas",2003.0,Summer,5.32,14.83,,154.49,
8684,Maharashtra,Nagpur,"Residential, Rural and other Areas",2003.0,Winter,6.0,21.35,,202.67,
8685,Maharashtra,Nagpur,"Residential, Rural and other Areas",2004.0,Autumn,9.11,22.52,60.23,208.34,
8686,Maharashtra,Nagpur,"Residential, Rural and other Areas",2004.0,Spring,9.32,17.7,48.57,192.66,
8687,Maharashtra,Nagpur,"Residential, Rural and other Areas",2004.0,Summer,8.75,17.11,42.3,173.76,
8688,Maharashtra,Nagpur,"Residential, Rural and other Areas",2004.0,Winter,9.36,24.02,63.66,217.23,
8689,Maharashtra,Nagpur,"Residential, Rural and other Areas",2010.0,Autumn,5.79,30.75,95.06,165.85,
8690,Maharashtra,Nagpur,"Residential, Rural and other Areas",2010.0,Spring,6.64,32.77,110.7,163.44,
8691,Maharashtra,Nagpur,"Residential, Rural and other Areas",2010.0,Summer,6.12,25.3,80.74,130.43,
8692,Maharashtra,Nagpur,"Residential, Rural and other Areas",2010.0,Winter,7.9,40.6,113.05,179.39,
8693,Maharashtra,Nagpur,"Residential, Rural and other Areas",2011.0,Autumn,7.7,37.12,105.01,,
8694,Maharashtra,Nagpur,"Residential, Rural and other Areas",2011.0,Spring,6.8,33.29,92.35,,
8695,Maharashtra,Nagpur,"Residential, Rural and other Areas",2011.0,Summer,7.06,27.58,73.61,,
8696,Maharashtra,Nagpur,"Residential, Rural and other Areas",2011.0,Winter,8.43,39.9,110.25,,
8697,Maharashtra,Nagpur,"Residential, Rural and other Areas",2012.0,Autumn,9.79,35.13,89.41,,
8698,Maharashtra,Nagpur,"Residential, Rural and other Areas",2012.0,Spring,8.42,30.48,92.92,,
8699,Maharashtra,Nagpur,"Residential, Rural and other Areas",2012.0,Summer,8.27,29.01,72.16,,
8700,Maharashtra,Nagpur,"Residential, Rural and other Areas",2012.0,Winter,9.01,38.42,90.26,,
8701,Maharashtra,Nagpur,"Residential, Rural and other Areas",2013.0,Autumn,10.03,27.26,81.27,,
8702,Maharashtra,Nagpur,"Residential, Rural and other Areas",2013.0,Spring,10.07,30.46,73.16,,
8703,Maharashtra,Nagpur,"Residential, Rural and other Areas",2013.0,Summer,10.15,27.5,78.77,,
8704,Maharashtra,Nagpur,"Residential, Rural and other Areas",2013.0,Winter,10.35,31.3,73.95,,
8705,Maharashtra,Nagpur,"Residential, Rural and other Areas",2014.0,Autumn,10.04,29.06,82.51,,
8706,Maharashtra,Nagpur,"Residential, Rural and other Areas",2014.0,Spring,9.95,28.76,81.88,,
8707,Maharashtra,Nagpur,"Residential, Rural and other Areas",2014.0,Summer,9.38,25.36,74.57,,
8708,Maharashtra,Nagpur,"Residential, Rural and other Areas",2014.0,Winter,10.24,29.69,77.44,,
8709,Maharashtra,Nagpur,"Residential, Rural and other Areas",2015.0,Autumn,9.74,29.92,73.46,,
8710,Maharashtra,Nagpur,"Residential, Rural and other Areas",2015.0,Spring,9.89,26.32,79.24,,
8711,Maharashtra,Nagpur,"Residential, Rural and other Areas",2015.0,Summer,9.18,23.48,71.33,,
8712,Maharashtra,Nagpur,"Residential, Rural and other Areas",2015.0,Winter,12.63,33.79,76.91,,
8713,Maharashtra,Nanded,Industrial Area,2011.0,Autumn,49.18,50.82,65.36,,
8714,Maharashtra,Nanded,Industrial Area,2011.0,Spring,69.77,67.62,98.69,,
8715,Maharashtra,Nanded,Industrial Area,2011.0,Summer,21.96,23.17,30.17,,
8716,Maharashtra,Nanded,Industrial Area,2011.0,Winter,38.5,39.67,59.08,,
8717,Maharashtra,Nanded,Industrial Area,2012.0,Autumn,44.54,46.11,78.52,,
8718,Maharashtra,Nanded,Industrial Area,2012.0,Spring,58.15,58.74,92.19,,
8719,Maharashtra,Nanded,Industrial Area,2012.0,Summer,39.24,39.76,62.56,,
8720,Maharashtra,Nanded,Industrial Area,2012.0,Winter,50.42,51.19,82.46,,
8721,Maharashtra,Nanded,Industrial Area,2013.0,Autumn,50.84,42.96,99.12,,
8722,Maharashtra,Nanded,Industrial Area,2013.0,Spring,70.32,68.75,108.71,,
8723,Maharashtra,Nanded,Industrial Area,2013.0,Summer,33.62,32.42,47.21,,
8724,Maharashtra,Nanded,Industrial Area,2013.0,Winter,54.25,48.96,111.75,,
8725,Maharashtra,Nanded,Industrial Area,2014.0,Autumn,82.69,84.23,197.88,,
8726,Maharashtra,Nanded,Industrial Area,2014.0,Spring,75.04,75.67,131.46,,
8727,Maharashtra,Nanded,Industrial Area,2014.0,Summer,80.91,81.59,147.55,,
8728,Maharashtra,Nanded,Industrial Area,2014.0,Winter,73.88,74.5,163.29,,
8729,Maharashtra,Nanded,Industrial Area,2015.0,Autumn,85.62,88.27,215.88,,
8730,Maharashtra,Nanded,Industrial Area,2015.0,Spring,83.72,85.08,218.84,,
8731,Maharashtra,Nanded,Industrial Area,2015.0,Summer,84.3,86.26,217.04,,
8732,Maharashtra,Nanded,Industrial Area,2015.0,Winter,82.28,83.12,219.88,,
8733,Maharashtra,Nanded,"Residential, Rural and other Areas",2011.0,Autumn,22.41,21.61,33.89,,
8734,Maharashtra,Nanded,"Residential, Rural and other Areas",2011.0,Spring,35.09,35.57,47.74,,
8735,Maharashtra,Nanded,"Residential, Rural and other Areas",2011.0,Summer,13.37,15.0,16.0,,
8736,Maharashtra,Nanded,"Residential, Rural and other Areas",2011.0,Winter,21.15,20.54,30.58,,
8737,Maharashtra,Nanded,"Residential, Rural and other Areas",2012.0,Autumn,19.78,20.25,37.2,,
8738,Maharashtra,Nanded,"Residential, Rural and other Areas",2012.0,Spring,25.13,25.33,48.21,,
8739,Maharashtra,Nanded,"Residential, Rural and other Areas",2012.0,Summer,17.65,18.09,32.95,,
8740,Maharashtra,Nanded,"Residential, Rural and other Areas",2012.0,Winter,21.78,21.48,39.64,,
8741,Maharashtra,Nanded,"Residential, Rural and other Areas",2013.0,Autumn,20.62,18.48,54.83,,
8742,Maharashtra,Nanded,"Residential, Rural and other Areas",2013.0,Spring,33.86,31.57,54.45,,
8743,Maharashtra,Nanded,"Residential, Rural and other Areas",2013.0,Summer,13.04,14.17,22.46,,
8744,Maharashtra,Nanded,"Residential, Rural and other Areas",2013.0,Winter,24.96,22.78,60.82,,
8745,Maharashtra,Nanded,"Residential, Rural and other Areas",2014.0,Autumn,31.86,29.02,118.76,,
8746,Maharashtra,Nanded,"Residential, Rural and other Areas",2014.0,Spring,31.89,29.21,66.02,,
8747,Maharashtra,Nanded,"Residential, Rural and other Areas",2014.0,Summer,32.08,29.03,65.73,,
8748,Maharashtra,Nanded,"Residential, Rural and other Areas",2014.0,Winter,29.22,27.14,77.04,,
8749,Maharashtra,Nanded,"Residential, Rural and other Areas",2015.0,Autumn,32.46,29.62,141.73,,
8750,Maharashtra,Nanded,"Residential, Rural and other Areas",2015.0,Spring,32.31,29.58,141.73,,
8751,Maharashtra,Nanded,"Residential, Rural and other Areas",2015.0,Summer,32.46,29.62,142.02,,
8752,Maharashtra,Nanded,"Residential, Rural and other Areas",2015.0,Winter,32.85,29.83,142.7,,
8775,Maharashtra,Nashik,Industrial Area,2001.0,Autumn,13.97,12.3,,109.0,
8776,Maharashtra,Nashik,Industrial Area,2001.0,Spring,25.47,20.8,,182.0,
8777,Maharashtra,Nashik,Industrial Area,2001.0,Summer,19.1,16.3,,186.0,
8778,Maharashtra,Nashik,Industrial Area,2001.0,Winter,21.0,21.2,,245.67,
8779,Maharashtra,Nashik,Industrial Area,2002.0,Autumn,24.07,18.83,,158.0,
8780,Maharashtra,Nashik,Industrial Area,2002.0,Spring,20.07,17.1,,103.0,
8781,Maharashtra,Nashik,Industrial Area,2002.0,Summer,18.9,16.13,,87.67,
8782,Maharashtra,Nashik,Industrial Area,2002.0,Winter,19.83,15.77,,101.0,
8783,Maharashtra,Nashik,Industrial Area,2004.0,Autumn,32.36,25.2,73.96,130.72,
8784,Maharashtra,Nashik,Industrial Area,2004.0,Spring,34.38,24.38,72.92,126.31,
8785,Maharashtra,Nashik,Industrial Area,2004.0,Summer,30.36,25.12,65.0,127.12,
8786,Maharashtra,Nashik,Industrial Area,2004.0,Winter,31.13,28.0,91.43,144.78,
8787,Maharashtra,Nashik,Industrial Area,2010.0,Autumn,21.67,24.19,69.74,108.59,
8788,Maharashtra,Nashik,Industrial Area,2010.0,Spring,24.73,28.5,83.88,172.42,
8789,Maharashtra,Nashik,Industrial Area,2010.0,Summer,21.81,25.07,56.19,86.59,
8790,Maharashtra,Nashik,Industrial Area,2010.0,Winter,22.92,28.4,98.6,172.72,
8791,Maharashtra,Nashik,Industrial Area,2011.0,Autumn,25.92,27.52,94.08,,
8792,Maharashtra,Nashik,Industrial Area,2011.0,Spring,28.65,29.69,88.46,,
8793,Maharashtra,Nashik,Industrial Area,2011.0,Summer,25.88,27.35,65.85,,
8794,Maharashtra,Nashik,Industrial Area,2011.0,Winter,26.19,28.67,96.56,,
8795,Maharashtra,Nashik,Industrial Area,2012.0,Autumn,25.08,26.96,92.35,,
8796,Maharashtra,Nashik,Industrial Area,2012.0,Spring,23.52,26.78,108.04,,
8797,Maharashtra,Nashik,Industrial Area,2012.0,Summer,24.58,26.46,89.58,,
8798,Maharashtra,Nashik,Industrial Area,2012.0,Winter,23.62,26.88,98.0,,
8799,Maharashtra,Nashik,Industrial Area,2013.0,Autumn,27.41,28.78,76.41,,
8800,Maharashtra,Nashik,Industrial Area,2013.0,Spring,29.12,30.24,96.2,,
8801,Maharashtra,Nashik,Industrial Area,2013.0,Summer,27.81,29.37,74.26,,
8802,Maharashtra,Nashik,Industrial Area,2013.0,Winter,26.54,28.54,97.67,,
8803,Maharashtra,Nashik,Industrial Area,2014.0,Autumn,23.92,26.71,73.33,,
8804,Maharashtra,Nashik,Industrial Area,2014.0,Spring,26.52,25.7,73.89,,
8805,Maharashtra,Nashik,Industrial Area,2014.0,Summer,24.04,25.77,67.23,,
8806,Maharashtra,Nashik,Industrial Area,2014.0,Winter,25.46,26.75,68.29,,
8807,Maharashtra,Nashik,Industrial Area,2015.0,Autumn,4.83,23.78,70.5,,
8808,Maharashtra,Nashik,Industrial Area,2015.0,Spring,20.85,23.08,77.35,,
8809,Maharashtra,Nashik,Industrial Area,2015.0,Summer,8.92,13.62,46.75,,
8810,Maharashtra,Nashik,Industrial Area,2015.0,Winter,22.85,26.73,108.73,,
8811,Maharashtra,Nashik,Industrial Area,2005.0,Autumn,35.6,30.32,109.84,216.88,
8812,Maharashtra,Nashik,Industrial Area,2005.0,Spring,34.8,28.68,102.12,168.57,
8813,Maharashtra,Nashik,Industrial Area,2005.0,Summer,34.32,28.72,104.64,213.48,
8814,Maharashtra,Nashik,Industrial Area,2005.0,Winter,36.35,27.58,89.56,154.96,
8815,Maharashtra,Nashik,Industrial Area,2006.0,Autumn,37.61,29.66,60.92,119.83,
8816,Maharashtra,Nashik,Industrial Area,2006.0,Spring,32.33,26.77,83.43,170.52,
8817,Maharashtra,Nashik,Industrial Area,2006.0,Summer,32.12,26.35,65.0,137.73,
8818,Maharashtra,Nashik,Industrial Area,2006.0,Winter,33.64,25.99,63.65,128.45,
8819,Maharashtra,Nashik,Industrial Area,2007.0,Autumn,43.87,36.18,45.59,99.22,
8820,Maharashtra,Nashik,Industrial Area,2007.0,Spring,47.15,39.23,48.71,102.46,
8821,Maharashtra,Nashik,Industrial Area,2007.0,Summer,41.77,34.88,42.32,93.0,
8822,Maharashtra,Nashik,Industrial Area,2007.0,Winter,43.43,36.09,45.67,106.62,
8823,Maharashtra,Nashik,Industrial Area,2008.0,Autumn,31.42,26.45,81.91,142.82,
8824,Maharashtra,Nashik,Industrial Area,2008.0,Spring,27.79,21.68,84.12,174.64,
8825,Maharashtra,Nashik,Industrial Area,2008.0,Summer,28.96,23.72,65.88,137.81,
8826,Maharashtra,Nashik,Industrial Area,2008.0,Winter,33.08,30.39,82.63,154.44,
8827,Maharashtra,Nashik,Industrial Area,2009.0,Autumn,20.96,28.99,77.15,132.59,
8828,Maharashtra,Nashik,Industrial Area,2009.0,Spring,24.76,29.67,97.56,166.28,
8829,Maharashtra,Nashik,Industrial Area,2009.0,Summer,23.18,27.26,66.0,121.54,
8830,Maharashtra,Nashik,Industrial Area,2009.0,Winter,25.42,31.47,103.12,162.23,
8831,Maharashtra,Nashik,Residential and others,2005.0,Autumn,36.08,28.6,109.73,220.68,
8832,Maharashtra,Nashik,Residential and others,2005.0,Spring,38.22,31.2,101.43,173.27,
8833,Maharashtra,Nashik,Residential and others,2005.0,Summer,34.01,28.13,100.88,198.26,
8834,Maharashtra,Nashik,Residential and others,2005.0,Winter,36.4,27.28,99.6,177.9,
8835,Maharashtra,Nashik,Residential and others,2006.0,Autumn,38.67,30.12,60.39,119.89,
8836,Maharashtra,Nashik,Residential and others,2006.0,Spring,32.69,26.71,80.65,167.55,
8837,Maharashtra,Nashik,Residential and others,2006.0,Summer,31.57,26.11,66.29,139.67,
8838,Maharashtra,Nashik,Residential and others,2006.0,Winter,34.31,27.26,67.59,143.9,
8839,Maharashtra,Nashik,Residential and others,2007.0,Autumn,41.19,33.39,43.82,94.27,
8840,Maharashtra,Nashik,Residential and others,2007.0,Spring,45.23,36.8,48.21,102.94,
8841,Maharashtra,Nashik,Residential and others,2007.0,Summer,39.95,32.61,42.48,92.48,
8842,Maharashtra,Nashik,Residential and others,2007.0,Winter,43.1,34.87,45.44,99.29,
8843,Maharashtra,Nashik,Residential and others,2008.0,Autumn,29.09,25.26,90.87,166.85,
8844,Maharashtra,Nashik,Residential and others,2008.0,Spring,26.76,21.67,83.77,172.6,
8845,Maharashtra,Nashik,Residential and others,2008.0,Summer,29.35,23.29,65.1,137.41,
8846,Maharashtra,Nashik,Residential and others,2008.0,Winter,34.13,30.29,76.77,147.34,
8847,Maharashtra,Nashik,Residential and others,2009.0,Autumn,20.24,28.84,85.63,162.27,
8848,Maharashtra,Nashik,Residential and others,2009.0,Spring,24.25,29.31,88.12,179.13,
8849,Maharashtra,Nashik,Residential and others,2009.0,Summer,21.48,26.36,68.88,127.38,
8850,Maharashtra,Nashik,Residential and others,2009.0,Winter,24.68,32.19,122.53,222.84,
8872,Maharashtra,Nashik,"Residential, Rural and other Areas",2001.0,Autumn,22.85,18.08,,110.5,
8873,Maharashtra,Nashik,"Residential, Rural and other Areas",2001.0,Spring,37.03,26.28,,228.83,
8874,Maharashtra,Nashik,"Residential, Rural and other Areas",2001.0,Summer,26.1,22.33,,248.33,
8875,Maharashtra,Nashik,"Residential, Rural and other Areas",2001.0,Winter,32.4,24.85,,264.83,
8876,Maharashtra,Nashik,"Residential, Rural and other Areas",2002.0,Autumn,30.52,23.15,,180.67,
8877,Maharashtra,Nashik,"Residential, Rural and other Areas",2002.0,Spring,28.4,22.87,,110.5,
8878,Maharashtra,Nashik,"Residential, Rural and other Areas",2002.0,Summer,26.7,20.85,,156.5,
8879,Maharashtra,Nashik,"Residential, Rural and other Areas",2002.0,Winter,27.67,20.38,,180.0,
8880,Maharashtra,Nashik,"Residential, Rural and other Areas",2004.0,Autumn,33.78,30.04,78.84,137.6,
8881,Maharashtra,Nashik,"Residential, Rural and other Areas",2004.0,Spring,34.37,30.69,87.43,148.14,
8882,Maharashtra,Nashik,"Residential, Rural and other Areas",2004.0,Summer,32.98,27.63,73.1,137.59,
8883,Maharashtra,Nashik,"Residential, Rural and other Areas",2004.0,Winter,33.74,26.8,89.31,154.43,
8884,Maharashtra,Nashik,"Residential, Rural and other Areas",2010.0,Autumn,20.0,22.82,64.39,113.39,
8885,Maharashtra,Nashik,"Residential, Rural and other Areas",2010.0,Spring,21.58,26.4,73.5,176.96,
8886,Maharashtra,Nashik,"Residential, Rural and other Areas",2010.0,Summer,18.94,22.94,55.88,97.71,
8887,Maharashtra,Nashik,"Residential, Rural and other Areas",2010.0,Winter,21.4,26.77,97.15,171.38,
8888,Maharashtra,Nashik,"Residential, Rural and other Areas",2011.0,Autumn,23.58,26.14,102.46,,
8889,Maharashtra,Nashik,"Residential, Rural and other Areas",2011.0,Spring,26.81,29.0,91.98,,
8890,Maharashtra,Nashik,"Residential, Rural and other Areas",2011.0,Summer,24.19,26.53,78.75,,
8891,Maharashtra,Nashik,"Residential, Rural and other Areas",2011.0,Winter,23.4,27.16,119.82,,
8892,Maharashtra,Nashik,"Residential, Rural and other Areas",2012.0,Autumn,25.22,27.58,88.54,,
8893,Maharashtra,Nashik,"Residential, Rural and other Areas",2012.0,Spring,23.34,26.63,100.93,,
8894,Maharashtra,Nashik,"Residential, Rural and other Areas",2012.0,Summer,23.49,25.83,84.79,,
8895,Maharashtra,Nashik,"Residential, Rural and other Areas",2012.0,Winter,23.29,27.61,105.13,,
8896,Maharashtra,Nashik,"Residential, Rural and other Areas",2013.0,Autumn,27.78,28.21,72.63,,
8897,Maharashtra,Nashik,"Residential, Rural and other Areas",2013.0,Spring,28.71,29.78,99.38,,
8898,Maharashtra,Nashik,"Residential, Rural and other Areas",2013.0,Summer,28.42,29.29,75.12,,
8899,Maharashtra,Nashik,"Residential, Rural and other Areas",2013.0,Winter,26.13,27.79,91.66,,
8900,Maharashtra,Nashik,"Residential, Rural and other Areas",2014.0,Autumn,24.94,26.71,73.84,,
8901,Maharashtra,Nashik,"Residential, Rural and other Areas",2014.0,Spring,26.13,27.09,73.84,,
8902,Maharashtra,Nashik,"Residential, Rural and other Areas",2014.0,Summer,24.77,25.12,67.3,,
8903,Maharashtra,Nashik,"Residential, Rural and other Areas",2014.0,Winter,25.16,26.27,77.37,,
8904,Maharashtra,Nashik,"Residential, Rural and other Areas",2015.0,Autumn,5.56,26.39,84.18,,
8905,Maharashtra,Nashik,"Residential, Rural and other Areas",2015.0,Spring,22.27,23.53,91.08,,
8906,Maharashtra,Nashik,"Residential, Rural and other Areas",2015.0,Summer,9.44,15.9,45.02,,
8907,Maharashtra,Nashik,"Residential, Rural and other Areas",2015.0,Winter,21.78,25.77,91.02,,
9026,Maharashtra,Pune,Industrial Area,2001.0,Autumn,41.28,78.75,,182.33,
9027,Maharashtra,Pune,Industrial Area,2001.0,Spring,43.37,66.53,,99.0,
9028,Maharashtra,Pune,Industrial Area,2001.0,Summer,35.27,72.13,,115.83,
9029,Maharashtra,Pune,Industrial Area,2001.0,Winter,47.0,65.12,,134.17,
9030,Maharashtra,Pune,Industrial Area,2002.0,Autumn,39.83,62.15,,237.67,
9031,Maharashtra,Pune,Industrial Area,2002.0,Spring,40.38,70.18,,173.17,
9032,Maharashtra,Pune,Industrial Area,2002.0,Summer,40.47,62.08,,152.67,
9033,Maharashtra,Pune,Industrial Area,2002.0,Winter,43.3,73.83,,264.33,
9034,Maharashtra,Pune,Industrial Area,2004.0,Autumn,27.26,32.7,68.87,129.83,
9035,Maharashtra,Pune,Industrial Area,2004.0,Spring,30.15,38.19,76.37,168.07,
9036,Maharashtra,Pune,Industrial Area,2004.0,Summer,26.63,31.96,50.7,103.74,
9037,Maharashtra,Pune,Industrial Area,2004.0,Winter,29.88,36.67,103.83,199.88,
9038,Maharashtra,Pune,Industrial Area,2010.0,Autumn,32.12,40.2,72.84,140.64,
9039,Maharashtra,Pune,Industrial Area,2010.0,Spring,37.64,29.24,79.76,222.0,
9040,Maharashtra,Pune,Industrial Area,2010.0,Summer,31.21,29.39,51.0,135.86,
9041,Maharashtra,Pune,Industrial Area,2010.0,Winter,58.54,48.19,130.85,275.04,
9042,Maharashtra,Pune,Industrial Area,2011.0,Autumn,30.72,44.84,123.12,,
9043,Maharashtra,Pune,Industrial Area,2011.0,Spring,32.36,45.36,108.88,,
9044,Maharashtra,Pune,Industrial Area,2011.0,Summer,51.38,51.81,94.88,,
9045,Maharashtra,Pune,Industrial Area,2011.0,Winter,37.32,56.89,171.86,,
9046,Maharashtra,Pune,Industrial Area,2012.0,Autumn,27.07,38.37,104.15,,
9047,Maharashtra,Pune,Industrial Area,2012.0,Spring,31.54,37.85,121.62,,
9048,Maharashtra,Pune,Industrial Area,2012.0,Summer,20.4,28.48,62.64,,
9049,Maharashtra,Pune,Industrial Area,2012.0,Winter,30.43,48.09,145.57,,
9050,Maharashtra,Pune,Industrial Area,2013.0,Autumn,21.78,37.48,106.07,,
9051,Maharashtra,Pune,Industrial Area,2013.0,Spring,25.16,33.84,88.16,,
9052,Maharashtra,Pune,Industrial Area,2013.0,Summer,19.61,26.86,67.5,,
9053,Maharashtra,Pune,Industrial Area,2013.0,Winter,25.58,54.92,156.83,,
9054,Maharashtra,Pune,Industrial Area,2014.0,Autumn,28.0,39.27,98.23,,
9055,Maharashtra,Pune,Industrial Area,2014.0,Spring,24.0,37.58,95.12,,
9056,Maharashtra,Pune,Industrial Area,2014.0,Summer,20.26,31.09,64.52,,
9057,Maharashtra,Pune,Industrial Area,2014.0,Winter,25.28,47.17,121.0,,
9058,Maharashtra,Pune,Industrial Area,2015.0,Autumn,31.59,44.94,92.06,,
9059,Maharashtra,Pune,Industrial Area,2015.0,Spring,19.36,48.08,108.56,,
9060,Maharashtra,Pune,Industrial Area,2015.0,Summer,16.92,36.52,47.16,,
9061,Maharashtra,Pune,Industrial Area,2015.0,Winter,42.64,84.92,159.32,,
9062,Maharashtra,Pune,Industrial Area,2005.0,Autumn,22.18,30.24,94.0,195.77,
9063,Maharashtra,Pune,Industrial Area,2005.0,Spring,23.19,29.82,99.38,197.57,
9064,Maharashtra,Pune,Industrial Area,2005.0,Summer,20.43,25.92,66.58,130.11,
9065,Maharashtra,Pune,Industrial Area,2005.0,Winter,24.41,34.03,121.73,226.18,
9066,Maharashtra,Pune,Industrial Area,2006.0,Autumn,22.86,43.34,118.83,237.17,
9067,Maharashtra,Pune,Industrial Area,2006.0,Spring,28.38,41.12,133.15,259.62,
9068,Maharashtra,Pune,Industrial Area,2006.0,Summer,24.66,37.93,122.14,239.86,
9069,Maharashtra,Pune,Industrial Area,2006.0,Winter,25.68,44.02,133.48,261.52,
9070,Maharashtra,Pune,Industrial Area,2007.0,Autumn,20.67,48.43,103.89,172.11,
9071,Maharashtra,Pune,Industrial Area,2007.0,Spring,22.6,43.88,126.25,236.83,
9072,Maharashtra,Pune,Industrial Area,2007.0,Summer,18.19,40.61,84.21,149.21,
9073,Maharashtra,Pune,Industrial Area,2007.0,Winter,22.32,48.32,121.12,222.12,
9074,Maharashtra,Pune,Industrial Area,2008.0,Autumn,24.19,37.22,120.95,270.45,
9075,Maharashtra,Pune,Industrial Area,2008.0,Spring,23.75,27.9,104.57,308.39,
9076,Maharashtra,Pune,Industrial Area,2008.0,Summer,20.76,35.6,63.65,224.39,
9077,Maharashtra,Pune,Industrial Area,2008.0,Winter,22.04,40.06,151.21,324.79,
9078,Maharashtra,Pune,Industrial Area,2009.0,Autumn,30.12,36.2,94.0,203.81,
9079,Maharashtra,Pune,Industrial Area,2009.0,Spring,30.29,35.11,80.37,218.33,
9080,Maharashtra,Pune,Industrial Area,2009.0,Summer,22.84,31.77,56.88,140.27,
9081,Maharashtra,Pune,Industrial Area,2009.0,Winter,38.44,36.84,132.65,286.58,
9084,Maharashtra,Pune,Residential and others,2005.0,Autumn,23.64,36.98,110.33,242.78,
9085,Maharashtra,Pune,Residential and others,2005.0,Spring,24.37,38.26,102.78,276.65,
9086,Maharashtra,Pune,Residential and others,2005.0,Summer,22.34,32.83,68.34,159.18,
9087,Maharashtra,Pune,Residential and others,2005.0,Winter,26.9,39.94,120.75,258.04,
9088,Maharashtra,Pune,Residential and others,2006.0,Autumn,21.82,40.54,125.5,247.5,
9089,Maharashtra,Pune,Residential and others,2006.0,Spring,28.76,42.82,136.54,268.92,
9090,Maharashtra,Pune,Residential and others,2006.0,Summer,24.09,39.45,125.89,249.23,
9091,Maharashtra,Pune,Residential and others,2006.0,Winter,25.94,43.81,144.24,280.02,
9092,Maharashtra,Pune,Residential and others,2007.0,Autumn,19.29,45.1,104.84,176.63,
9093,Maharashtra,Pune,Residential and others,2007.0,Spring,21.57,45.4,112.39,213.98,
9094,Maharashtra,Pune,Residential and others,2007.0,Summer,19.02,42.38,83.31,147.02,
9095,Maharashtra,Pune,Residential and others,2007.0,Winter,20.73,45.5,135.13,254.38,
9096,Maharashtra,Pune,Residential and others,2008.0,Autumn,23.62,40.08,100.67,261.73,
9097,Maharashtra,Pune,Residential and others,2008.0,Spring,20.66,31.6,96.67,267.73,
9098,Maharashtra,Pune,Residential and others,2008.0,Summer,21.6,35.77,72.38,198.26,
9099,Maharashtra,Pune,Residential and others,2008.0,Winter,20.89,42.81,124.61,292.31,
9100,Maharashtra,Pune,Residential and others,2009.0,Autumn,20.75,39.9,80.79,194.37,
9101,Maharashtra,Pune,Residential and others,2009.0,Spring,25.34,46.34,82.8,252.85,
9102,Maharashtra,Pune,Residential and others,2009.0,Summer,20.64,38.39,62.02,167.11,
9103,Maharashtra,Pune,Residential and others,2009.0,Winter,21.72,45.34,119.43,312.53,
9122,Maharashtra,Pune,"Residential, Rural and other Areas",2004.0,Autumn,29.48,48.96,295.87,127.54,
9123,Maharashtra,Pune,"Residential, Rural and other Areas",2004.0,Spring,31.29,53.47,382.0,150.65,
9124,Maharashtra,Pune,"Residential, Rural and other Areas",2004.0,Summer,27.5,43.75,205.21,93.73,
9125,Maharashtra,Pune,"Residential, Rural and other Areas",2004.0,Winter,33.59,63.09,466.32,186.86,
9126,Maharashtra,Pune,"Residential, Rural and other Areas",2010.0,Autumn,21.92,45.63,76.94,173.37,
9127,Maharashtra,Pune,"Residential, Rural and other Areas",2010.0,Spring,26.13,34.04,84.2,247.24,
9128,Maharashtra,Pune,"Residential, Rural and other Areas",2010.0,Summer,22.75,30.62,54.9,137.48,
9129,Maharashtra,Pune,"Residential, Rural and other Areas",2010.0,Winter,22.3,51.42,109.81,252.85,
9130,Maharashtra,Pune,"Residential, Rural and other Areas",2011.0,Autumn,25.26,52.9,114.83,,
9131,Maharashtra,Pune,"Residential, Rural and other Areas",2011.0,Spring,25.67,56.83,89.87,,
9132,Maharashtra,Pune,"Residential, Rural and other Areas",2011.0,Summer,40.06,61.25,73.76,,
9133,Maharashtra,Pune,"Residential, Rural and other Areas",2011.0,Winter,30.03,74.21,143.16,,
9134,Maharashtra,Pune,"Residential, Rural and other Areas",2012.0,Autumn,19.57,49.18,86.35,,
9135,Maharashtra,Pune,"Residential, Rural and other Areas",2012.0,Spring,26.18,45.91,88.08,,
9136,Maharashtra,Pune,"Residential, Rural and other Areas",2012.0,Summer,18.43,34.51,52.06,,
9137,Maharashtra,Pune,"Residential, Rural and other Areas",2012.0,Winter,21.58,58.85,123.79,,
9138,Maharashtra,Pune,"Residential, Rural and other Areas",2013.0,Autumn,19.8,38.62,78.04,,
9139,Maharashtra,Pune,"Residential, Rural and other Areas",2013.0,Spring,22.4,42.07,82.18,,
9140,Maharashtra,Pune,"Residential, Rural and other Areas",2013.0,Summer,17.03,31.13,57.21,,
9141,Maharashtra,Pune,"Residential, Rural and other Areas",2013.0,Winter,19.64,60.93,117.72,,
9142,Maharashtra,Pune,"Residential, Rural and other Areas",2014.0,Autumn,25.48,44.06,97.39,,
9143,Maharashtra,Pune,"Residential, Rural and other Areas",2014.0,Spring,20.7,44.65,89.18,,
9144,Maharashtra,Pune,"Residential, Rural and other Areas",2014.0,Summer,19.36,33.65,69.04,,
9145,Maharashtra,Pune,"Residential, Rural and other Areas",2014.0,Winter,24.15,53.06,111.26,,
9146,Maharashtra,Pune,"Residential, Rural and other Areas",2015.0,Autumn,26.76,57.51,115.98,,
9147,Maharashtra,Pune,"Residential, Rural and other Areas",2015.0,Spring,17.48,54.99,97.55,,
9148,Maharashtra,Pune,"Residential, Rural and other Areas",2015.0,Summer,15.07,32.28,48.84,,
9149,Maharashtra,Pune,"Residential, Rural and other Areas",2015.0,Winter,31.99,82.54,139.43,,
9226,Maharashtra,Solapur,Industrial Area,2001.0,Autumn,19.8,45.97,,391.33,
9227,Maharashtra,Solapur,Industrial Area,2001.0,Spring,19.13,45.7,,451.33,
9228,Maharashtra,Solapur,Industrial Area,2001.0,Summer,18.7,45.63,,361.67,
9229,Maharashtra,Solapur,Industrial Area,2001.0,Winter,20.2,48.2,,408.67,
9230,Maharashtra,Solapur,Industrial Area,2002.0,Autumn,19.87,47.1,,301.33,
9231,Maharashtra,Solapur,Industrial Area,2002.0,Spring,20.0,47.5,,375.67,
9232,Maharashtra,Solapur,Industrial Area,2002.0,Summer,20.23,46.83,,358.67,
9233,Maharashtra,Solapur,Industrial Area,2002.0,Winter,20.23,47.83,,406.33,
9234,Maharashtra,Solapur,Industrial Area,2004.0,Autumn,18.24,40.05,133.03,346.31,
9235,Maharashtra,Solapur,Industrial Area,2004.0,Spring,17.78,40.09,145.72,368.85,
9236,Maharashtra,Solapur,Industrial Area,2004.0,Summer,18.06,40.93,140.47,354.12,
9237,Maharashtra,Solapur,Industrial Area,2004.0,Winter,18.25,40.19,138.88,355.95,
9238,Maharashtra,Solapur,Industrial Area,2010.0,Autumn,16.7,35.04,60.07,189.44,
9239,Maharashtra,Solapur,Industrial Area,2010.0,Spring,17.04,35.89,79.63,229.56,
9240,Maharashtra,Solapur,Industrial Area,2010.0,Summer,16.0,34.56,57.33,192.15,
9241,Maharashtra,Solapur,Industrial Area,2010.0,Winter,17.16,35.76,75.16,221.16,
9242,Maharashtra,Solapur,Industrial Area,2011.0,Autumn,16.62,34.77,71.19,,
9243,Maharashtra,Solapur,Industrial Area,2011.0,Spring,15.96,34.44,76.67,,
9244,Maharashtra,Solapur,Industrial Area,2011.0,Summer,16.85,35.04,72.96,,
9245,Maharashtra,Solapur,Industrial Area,2011.0,Winter,16.72,34.92,89.08,,
9246,Maharashtra,Solapur,Industrial Area,2012.0,Autumn,16.84,35.72,82.44,,
9247,Maharashtra,Solapur,Industrial Area,2012.0,Spring,16.92,35.38,84.85,,
9248,Maharashtra,Solapur,Industrial Area,2012.0,Summer,16.6,35.08,76.44,,
9249,Maharashtra,Solapur,Industrial Area,2012.0,Winter,17.1,35.76,85.83,,
9250,Maharashtra,Solapur,Industrial Area,2013.0,Autumn,15.77,35.5,81.65,,
9251,Maharashtra,Solapur,Industrial Area,2013.0,Spring,16.04,34.88,84.31,,
9252,Maharashtra,Solapur,Industrial Area,2013.0,Summer,15.32,35.05,81.21,,
9253,Maharashtra,Solapur,Industrial Area,2013.0,Winter,16.04,34.78,82.61,,
9254,Maharashtra,Solapur,Industrial Area,2014.0,Autumn,14.3,34.19,75.96,,
9255,Maharashtra,Solapur,Industrial Area,2014.0,Spring,14.81,34.27,77.27,,
9256,Maharashtra,Solapur,Industrial Area,2014.0,Summer,14.68,32.0,77.92,,
9257,Maharashtra,Solapur,Industrial Area,2014.0,Winter,14.89,33.96,70.59,,
9258,Maharashtra,Solapur,Industrial Area,2015.0,Autumn,12.68,35.4,74.16,,
9259,Maharashtra,Solapur,Industrial Area,2015.0,Spring,14.46,34.31,74.65,,
9260,Maharashtra,Solapur,Industrial Area,2015.0,Summer,12.56,35.33,73.44,,
9261,Maharashtra,Solapur,Industrial Area,2015.0,Winter,13.58,35.5,74.35,,
9262,Maharashtra,Solapur,Industrial Area,2005.0,Autumn,17.42,38.33,103.59,302.86,
9263,Maharashtra,Solapur,Industrial Area,2005.0,Spring,17.74,38.47,131.63,340.0,
9264,Maharashtra,Solapur,Industrial Area,2005.0,Summer,17.3,37.66,110.5,308.46,
9265,Maharashtra,Solapur,Industrial Area,2005.0,Winter,18.23,39.02,126.96,343.32,
9266,Maharashtra,Solapur,Industrial Area,2006.0,Autumn,15.76,34.88,97.71,319.36,
9267,Maharashtra,Solapur,Industrial Area,2006.0,Spring,15.76,34.23,99.78,315.67,
9268,Maharashtra,Solapur,Industrial Area,2006.0,Summer,14.82,34.13,106.46,324.73,
9269,Maharashtra,Solapur,Industrial Area,2006.0,Winter,15.96,35.18,104.83,332.67,
9270,Maharashtra,Solapur,Industrial Area,2007.0,Autumn,16.16,33.43,82.96,281.23,
9271,Maharashtra,Solapur,Industrial Area,2007.0,Spring,15.4,34.07,87.39,301.96,
9272,Maharashtra,Solapur,Industrial Area,2007.0,Summer,16.5,33.77,77.12,278.5,
9273,Maharashtra,Solapur,Industrial Area,2007.0,Winter,17.08,36.0,88.43,313.25,
9274,Maharashtra,Solapur,Industrial Area,2008.0,Autumn,17.59,34.87,73.04,226.88,
9275,Maharashtra,Solapur,Industrial Area,2008.0,Spring,16.47,32.55,83.19,259.96,
9276,Maharashtra,Solapur,Industrial Area,2008.0,Summer,16.16,32.21,70.46,236.19,
9277,Maharashtra,Solapur,Industrial Area,2008.0,Winter,18.21,37.87,84.74,257.15,
9278,Maharashtra,Solapur,Industrial Area,2009.0,Autumn,17.28,36.44,71.0,228.8,
9279,Maharashtra,Solapur,Industrial Area,2009.0,Spring,18.32,36.23,79.54,252.65,
9280,Maharashtra,Solapur,Industrial Area,2009.0,Summer,16.87,32.67,66.62,226.81,
9281,Maharashtra,Solapur,Industrial Area,2009.0,Winter,18.36,37.32,78.85,243.04,
9282,Maharashtra,Solapur,Residential and others,2005.0,Autumn,17.65,38.84,118.52,329.19,
9283,Maharashtra,Solapur,Residential and others,2005.0,Spring,18.28,39.28,136.04,350.28,
9284,Maharashtra,Solapur,Residential and others,2005.0,Summer,17.97,37.74,120.33,316.28,
9285,Maharashtra,Solapur,Residential and others,2005.0,Winter,18.62,39.25,137.52,361.17,
9286,Maharashtra,Solapur,Residential and others,2006.0,Autumn,15.97,35.96,107.14,335.89,
9287,Maharashtra,Solapur,Residential and others,2006.0,Spring,14.69,34.57,113.69,329.58,
9288,Maharashtra,Solapur,Residential and others,2006.0,Summer,15.15,35.16,111.08,338.62,
9289,Maharashtra,Solapur,Residential and others,2006.0,Winter,15.62,36.44,111.46,340.21,
9290,Maharashtra,Solapur,Residential and others,2007.0,Autumn,17.66,34.32,97.42,296.92,
9291,Maharashtra,Solapur,Residential and others,2007.0,Spring,15.87,33.2,97.96,318.56,
9292,Maharashtra,Solapur,Residential and others,2007.0,Summer,15.54,32.84,76.0,266.0,
9293,Maharashtra,Solapur,Residential and others,2007.0,Winter,17.91,35.63,109.16,328.72,
9294,Maharashtra,Solapur,Residential and others,2008.0,Autumn,18.31,37.5,68.12,228.68,
9295,Maharashtra,Solapur,Residential and others,2008.0,Spring,18.11,34.82,79.63,250.7,
9296,Maharashtra,Solapur,Residential and others,2008.0,Summer,16.65,34.38,72.04,230.85,
9297,Maharashtra,Solapur,Residential and others,2008.0,Winter,19.31,37.47,96.96,270.31,
9298,Maharashtra,Solapur,Residential and others,2009.0,Autumn,17.34,36.29,64.46,219.64,
9299,Maharashtra,Solapur,Residential and others,2009.0,Spring,17.95,36.76,76.22,246.67,
9300,Maharashtra,Solapur,Residential and others,2009.0,Summer,16.59,33.85,53.04,195.54,
9301,Maharashtra,Solapur,Residential and others,2009.0,Winter,18.04,37.18,83.17,250.46,
9318,Maharashtra,Solapur,"Residential, Rural and other Areas",2001.0,Autumn,19.87,46.47,,391.33,
9319,Maharashtra,Solapur,"Residential, Rural and other Areas",2001.0,Spring,19.4,46.27,,428.33,
9320,Maharashtra,Solapur,"Residential, Rural and other Areas",2001.0,Summer,19.63,46.17,,393.67,
9321,Maharashtra,Solapur,"Residential, Rural and other Areas",2001.0,Winter,20.0,48.3,,433.67,
9322,Maharashtra,Solapur,"Residential, Rural and other Areas",2002.0,Autumn,19.6,45.9,,385.33,
9323,Maharashtra,Solapur,"Residential, Rural and other Areas",2002.0,Spring,19.5,46.6,,394.0,
9324,Maharashtra,Solapur,"Residential, Rural and other Areas",2002.0,Summer,19.83,46.13,,375.0,
9325,Maharashtra,Solapur,"Residential, Rural and other Areas",2002.0,Winter,20.03,48.4,,402.0,
9326,Maharashtra,Solapur,"Residential, Rural and other Areas",2004.0,Autumn,18.52,40.61,139.64,361.7,
9327,Maharashtra,Solapur,"Residential, Rural and other Areas",2004.0,Spring,18.29,40.8,145.78,368.58,
9328,Maharashtra,Solapur,"Residential, Rural and other Areas",2004.0,Summer,17.93,40.33,143.65,359.44,
9329,Maharashtra,Solapur,"Residential, Rural and other Areas",2004.0,Winter,18.68,41.36,145.38,367.14,
9330,Maharashtra,Solapur,"Residential, Rural and other Areas",2010.0,Autumn,16.46,34.65,56.31,188.04,
9331,Maharashtra,Solapur,"Residential, Rural and other Areas",2010.0,Spring,17.23,35.88,75.04,223.74,
9332,Maharashtra,Solapur,"Residential, Rural and other Areas",2010.0,Summer,16.68,33.64,52.93,193.21,
9333,Maharashtra,Solapur,"Residential, Rural and other Areas",2010.0,Winter,17.11,35.7,73.3,222.3,
9334,Maharashtra,Solapur,"Residential, Rural and other Areas",2011.0,Autumn,16.92,35.35,71.88,,
9335,Maharashtra,Solapur,"Residential, Rural and other Areas",2011.0,Spring,16.73,34.65,81.38,,
9336,Maharashtra,Solapur,"Residential, Rural and other Areas",2011.0,Summer,16.31,34.65,73.88,,
9337,Maharashtra,Solapur,"Residential, Rural and other Areas",2011.0,Winter,17.4,35.6,89.4,,
9338,Maharashtra,Solapur,"Residential, Rural and other Areas",2012.0,Autumn,16.56,35.41,85.96,,
9339,Maharashtra,Solapur,"Residential, Rural and other Areas",2012.0,Spring,17.0,35.19,84.69,,
9340,Maharashtra,Solapur,"Residential, Rural and other Areas",2012.0,Summer,16.57,35.0,76.04,,
9341,Maharashtra,Solapur,"Residential, Rural and other Areas",2012.0,Winter,17.17,35.65,87.13,,
9342,Maharashtra,Solapur,"Residential, Rural and other Areas",2013.0,Autumn,16.0,34.82,77.65,,
9343,Maharashtra,Solapur,"Residential, Rural and other Areas",2013.0,Spring,16.64,34.56,84.8,,
9344,Maharashtra,Solapur,"Residential, Rural and other Areas",2013.0,Summer,16.1,34.85,80.05,,
9345,Maharashtra,Solapur,"Residential, Rural and other Areas",2013.0,Winter,16.15,34.85,85.35,,
9346,Maharashtra,Solapur,"Residential, Rural and other Areas",2014.0,Autumn,14.44,34.7,74.78,,
9347,Maharashtra,Solapur,"Residential, Rural and other Areas",2014.0,Spring,14.5,34.88,78.62,,
9348,Maharashtra,Solapur,"Residential, Rural and other Areas",2014.0,Summer,14.67,34.3,78.19,,
9349,Maharashtra,Solapur,"Residential, Rural and other Areas",2014.0,Winter,14.96,34.43,73.17,,
9350,Maharashtra,Solapur,"Residential, Rural and other Areas",2015.0,Autumn,12.29,35.33,73.21,,
9351,Maharashtra,Solapur,"Residential, Rural and other Areas",2015.0,Spring,14.54,34.92,75.38,,
9352,Maharashtra,Solapur,"Residential, Rural and other Areas",2015.0,Summer,12.62,35.38,72.38,,
9353,Maharashtra,Solapur,"Residential, Rural and other Areas",2015.0,Winter,13.58,35.15,76.73,,
9378,Maharashtra,Thane,Industrial Area,2001.0,Autumn,24.97,16.23,,,
9379,Maharashtra,Thane,Industrial Area,2001.0,Spring,16.97,21.2,,,
9380,Maharashtra,Thane,Industrial Area,2001.0,Summer,27.3,16.77,,,
9381,Maharashtra,Thane,Industrial Area,2001.0,Winter,22.4,20.7,,,
9382,Maharashtra,Thane,Industrial Area,2002.0,Autumn,18.2,24.2,,,
9383,Maharashtra,Thane,Industrial Area,2002.0,Spring,21.97,21.8,,,
9384,Maharashtra,Thane,Industrial Area,2002.0,Summer,22.1,20.83,,,
9385,Maharashtra,Thane,Industrial Area,2002.0,Winter,21.97,19.23,,,
9386,Maharashtra,Thane,Industrial Area,2004.0,Autumn,9.5,11.54,,48.77,
9387,Maharashtra,Thane,Industrial Area,2004.0,Spring,9.3,14.34,,48.79,
9388,Maharashtra,Thane,Industrial Area,2004.0,Summer,9.15,13.15,,48.42,
9389,Maharashtra,Thane,Industrial Area,2004.0,Winter,8.68,14.99,,48.94,
9390,Maharashtra,Thane,Industrial Area,2010.0,Autumn,13.0,13.25,52.0,82.25,
9391,Maharashtra,Thane,Industrial Area,2010.0,Spring,13.5,15.75,48.12,74.88,
9392,Maharashtra,Thane,Industrial Area,2010.0,Summer,12.0,13.06,49.83,78.11,
9393,Maharashtra,Thane,Industrial Area,2010.0,Winter,14.0,16.29,50.14,79.14,
9394,Maharashtra,Thane,Industrial Area,2011.0,Autumn,20.64,13.73,58.36,,
9395,Maharashtra,Thane,Industrial Area,2011.0,Spring,18.0,14.0,60.0,,
9396,Maharashtra,Thane,Industrial Area,2011.0,Summer,14.5,13.12,54.88,,
9397,Maharashtra,Thane,Industrial Area,2011.0,Winter,18.1,12.6,63.0,,
9398,Maharashtra,Thane,Industrial Area,2012.0,Autumn,17.54,11.21,60.88,,
9399,Maharashtra,Thane,Industrial Area,2012.0,Spring,19.19,11.69,57.85,,
9400,Maharashtra,Thane,Industrial Area,2012.0,Summer,19.9,12.25,59.45,,
9401,Maharashtra,Thane,Industrial Area,2012.0,Winter,19.38,12.67,62.0,,
9402,Maharashtra,Thane,Industrial Area,2013.0,Autumn,12.89,34.22,89.63,,
9403,Maharashtra,Thane,Industrial Area,2013.0,Spring,19.08,30.28,130.12,,
9404,Maharashtra,Thane,Industrial Area,2013.0,Summer,15.8,25.96,89.08,,
9405,Maharashtra,Thane,Industrial Area,2013.0,Winter,15.69,25.96,109.92,,
9406,Maharashtra,Thane,Industrial Area,2014.0,Autumn,17.11,56.32,111.75,,
9407,Maharashtra,Thane,Industrial Area,2014.0,Spring,19.32,62.16,130.35,,
9408,Maharashtra,Thane,Industrial Area,2014.0,Summer,16.0,56.38,111.19,,
9409,Maharashtra,Thane,Industrial Area,2014.0,Winter,16.91,55.64,130.14,,
9410,Maharashtra,Thane,Industrial Area,2015.0,Autumn,25.77,57.19,116.27,,
9411,Maharashtra,Thane,Industrial Area,2015.0,Spring,26.12,58.58,135.5,,
9412,Maharashtra,Thane,Industrial Area,2015.0,Summer,24.08,52.12,82.48,,
9413,Maharashtra,Thane,Industrial Area,2015.0,Winter,26.79,57.0,172.83,,
9414,Maharashtra,Thane,Industrial Area,2005.0,Autumn,5.77,11.4,50.5,91.0,
9415,Maharashtra,Thane,Industrial Area,2005.0,Spring,9.48,14.35,47.32,57.67,
9416,Maharashtra,Thane,Industrial Area,2005.0,Summer,5.37,11.78,51.67,,
9417,Maharashtra,Thane,Industrial Area,2005.0,Winter,7.25,13.58,50.25,88.0,
9418,Maharashtra,Thane,Industrial Area,2006.0,Autumn,12.02,11.68,52.58,,
9419,Maharashtra,Thane,Industrial Area,2006.0,Spring,11.33,13.52,54.5,,
9420,Maharashtra,Thane,Industrial Area,2006.0,Summer,11.8,10.87,51.52,,
9421,Maharashtra,Thane,Industrial Area,2006.0,Winter,10.98,12.05,52.86,,
9422,Maharashtra,Thane,Industrial Area,2007.0,Autumn,13.99,14.32,52.84,121.0,
9423,Maharashtra,Thane,Industrial Area,2007.0,Spring,15.36,13.41,54.0,133.25,
9424,Maharashtra,Thane,Industrial Area,2007.0,Summer,13.98,13.72,53.5,117.58,
9425,Maharashtra,Thane,Industrial Area,2007.0,Winter,13.7,11.23,53.35,110.0,
9426,Maharashtra,Thane,Industrial Area,2008.0,Autumn,13.68,18.83,64.35,125.5,
9427,Maharashtra,Thane,Industrial Area,2008.0,Spring,13.93,18.47,58.43,146.38,
9428,Maharashtra,Thane,Industrial Area,2008.0,Summer,13.65,17.76,56.47,136.82,
9429,Maharashtra,Thane,Industrial Area,2008.0,Winter,12.6,16.7,56.74,128.64,
9430,Maharashtra,Thane,Industrial Area,2009.0,Autumn,12.26,19.21,57.12,90.75,
9431,Maharashtra,Thane,Industrial Area,2009.0,Spring,16.49,27.04,65.64,111.44,
9432,Maharashtra,Thane,Industrial Area,2009.0,Summer,13.69,22.12,60.6,96.96,
9433,Maharashtra,Thane,Industrial Area,2009.0,Winter,15.74,23.35,64.87,108.2,
9434,Maharashtra,Thane,Residential and others,2005.0,Autumn,5.26,9.77,47.33,,
9435,Maharashtra,Thane,Residential and others,2005.0,Spring,6.06,12.03,48.38,,
9436,Maharashtra,Thane,Residential and others,2005.0,Summer,5.17,10.91,47.67,,
9437,Maharashtra,Thane,Residential and others,2005.0,Winter,6.42,12.95,46.96,,
9438,Maharashtra,Thane,Residential and others,2006.0,Autumn,12.23,10.13,52.74,,
9439,Maharashtra,Thane,Residential and others,2006.0,Spring,10.77,12.05,52.47,,
9440,Maharashtra,Thane,Residential and others,2006.0,Summer,10.33,10.39,50.04,,
9441,Maharashtra,Thane,Residential and others,2006.0,Winter,9.72,10.71,52.0,,
9442,Maharashtra,Thane,Residential and others,2007.0,Autumn,10.5,9.99,49.49,,
9443,Maharashtra,Thane,Residential and others,2007.0,Spring,12.45,10.01,52.52,127.0,
9444,Maharashtra,Thane,Residential and others,2007.0,Summer,11.46,10.88,50.31,110.7,
9445,Maharashtra,Thane,Residential and others,2007.0,Winter,11.12,9.58,50.83,128.5,
9446,Maharashtra,Thane,Residential and others,2008.0,Autumn,11.62,15.69,61.98,110.35,
9447,Maharashtra,Thane,Residential and others,2008.0,Spring,11.33,16.31,54.66,155.29,
9448,Maharashtra,Thane,Residential and others,2008.0,Summer,11.49,15.19,55.35,119.78,
9449,Maharashtra,Thane,Residential and others,2008.0,Winter,10.49,12.7,54.87,130.71,
9450,Maharashtra,Thane,Residential and others,2009.0,Autumn,10.66,14.44,52.71,84.22,
9451,Maharashtra,Thane,Residential and others,2009.0,Spring,11.97,18.86,59.17,97.0,
9452,Maharashtra,Thane,Residential and others,2009.0,Summer,12.07,17.94,54.33,88.29,
9453,Maharashtra,Thane,Residential and others,2009.0,Winter,10.53,14.82,60.34,99.29,
9466,Maharashtra,Thane,"Residential, Rural and other Areas",2001.0,Autumn,21.55,15.18,,,
9467,Maharashtra,Thane,"Residential, Rural and other Areas",2001.0,Spring,16.12,23.8,,,
9468,Maharashtra,Thane,"Residential, Rural and other Areas",2001.0,Summer,21.78,16.58,,,
9469,Maharashtra,Thane,"Residential, Rural and other Areas",2001.0,Winter,17.53,18.23,,,
9470,Maharashtra,Thane,"Residential, Rural and other Areas",2002.0,Autumn,10.4,14.73,,,
9471,Maharashtra,Thane,"Residential, Rural and other Areas",2002.0,Spring,20.68,19.82,,,
9472,Maharashtra,Thane,"Residential, Rural and other Areas",2002.0,Summer,17.97,18.47,,,
9473,Maharashtra,Thane,"Residential, Rural and other Areas",2002.0,Winter,16.53,15.23,,,
9474,Maharashtra,Thane,"Residential, Rural and other Areas",2004.0,Autumn,8.43,10.61,,45.84,
9475,Maharashtra,Thane,"Residential, Rural and other Areas",2004.0,Spring,7.65,12.82,,45.76,
9476,Maharashtra,Thane,"Residential, Rural and other Areas",2004.0,Summer,7.19,10.92,,45.78,
9477,Maharashtra,Thane,"Residential, Rural and other Areas",2004.0,Winter,8.4,14.27,,46.38,
9478,Maharashtra,Thane,"Residential, Rural and other Areas",2010.0,Autumn,14.31,13.67,52.93,81.05,
9479,Maharashtra,Thane,"Residential, Rural and other Areas",2010.0,Spring,15.05,16.08,49.08,76.31,
9480,Maharashtra,Thane,"Residential, Rural and other Areas",2010.0,Summer,13.05,12.88,49.67,77.14,
9481,Maharashtra,Thane,"Residential, Rural and other Areas",2010.0,Winter,13.93,15.06,50.47,78.25,
9482,Maharashtra,Thane,"Residential, Rural and other Areas",2011.0,Autumn,14.69,13.69,55.36,,
9483,Maharashtra,Thane,"Residential, Rural and other Areas",2011.0,Spring,14.24,13.05,53.77,,
9484,Maharashtra,Thane,"Residential, Rural and other Areas",2011.0,Summer,13.78,13.0,53.64,,
9485,Maharashtra,Thane,"Residential, Rural and other Areas",2011.0,Winter,14.89,13.46,56.02,,
9486,Maharashtra,Thane,"Residential, Rural and other Areas",2012.0,Autumn,20.28,12.52,66.91,,
9487,Maharashtra,Thane,"Residential, Rural and other Areas",2012.0,Spring,19.65,12.39,117.94,,
9488,Maharashtra,Thane,"Residential, Rural and other Areas",2012.0,Summer,19.75,12.44,63.11,,
9489,Maharashtra,Thane,"Residential, Rural and other Areas",2012.0,Winter,20.23,12.47,69.49,,
9490,Maharashtra,Thane,"Residential, Rural and other Areas",2013.0,Autumn,14.75,37.1,94.54,,
9491,Maharashtra,Thane,"Residential, Rural and other Areas",2013.0,Spring,21.55,32.72,149.85,,
9492,Maharashtra,Thane,"Residential, Rural and other Areas",2013.0,Summer,17.5,29.46,86.38,,
9493,Maharashtra,Thane,"Residential, Rural and other Areas",2013.0,Winter,17.66,33.68,136.55,,
9494,Maharashtra,Thane,"Residential, Rural and other Areas",2014.0,Autumn,16.64,57.53,89.45,,
9495,Maharashtra,Thane,"Residential, Rural and other Areas",2014.0,Spring,19.25,64.18,105.82,,
9496,Maharashtra,Thane,"Residential, Rural and other Areas",2014.0,Summer,16.4,59.93,94.0,,
9497,Maharashtra,Thane,"Residential, Rural and other Areas",2014.0,Winter,18.42,64.83,117.85,,
9498,Maharashtra,Thane,"Residential, Rural and other Areas",2015.0,Autumn,29.71,59.75,112.73,,
9499,Maharashtra,Thane,"Residential, Rural and other Areas",2015.0,Spring,30.15,64.13,126.83,,
9500,Maharashtra,Thane,"Residential, Rural and other Areas",2015.0,Summer,26.02,53.09,70.23,,
9501,Maharashtra,Thane,"Residential, Rural and other Areas",2015.0,Winter,28.72,60.26,140.13,,
9502,Maharashtra,Ulhasnagar,"Residential, Rural and other Areas",2010.0,Autumn,29.92,64.31,104.59,131.04,
9503,Maharashtra,Ulhasnagar,"Residential, Rural and other Areas",2010.0,Spring,31.98,85.08,117.86,161.51,
9504,Maharashtra,Ulhasnagar,"Residential, Rural and other Areas",2010.0,Summer,23.35,47.2,83.18,101.1,
9505,Maharashtra,Ulhasnagar,"Residential, Rural and other Areas",2010.0,Winter,40.5,75.48,120.48,144.55,
9506,Maharashtra,Ulhasnagar,"Residential, Rural and other Areas",2011.0,Autumn,31.98,61.25,107.25,,
9507,Maharashtra,Ulhasnagar,"Residential, Rural and other Areas",2011.0,Spring,42.41,73.8,140.96,,
9508,Maharashtra,Ulhasnagar,"Residential, Rural and other Areas",2011.0,Summer,30.85,56.08,87.47,,
9509,Maharashtra,Ulhasnagar,"Residential, Rural and other Areas",2011.0,Winter,44.46,79.06,120.85,,
9510,Maharashtra,Ulhasnagar,"Residential, Rural and other Areas",2012.0,Autumn,33.92,63.0,82.52,,
9511,Maharashtra,Ulhasnagar,"Residential, Rural and other Areas",2012.0,Spring,42.11,76.44,125.59,,
9512,Maharashtra,Ulhasnagar,"Residential, Rural and other Areas",2012.0,Summer,36.32,59.36,87.56,,
9513,Maharashtra,Ulhasnagar,"Residential, Rural and other Areas",2012.0,Winter,46.04,69.54,107.17,,
9514,Maharashtra,Ulhasnagar,"Residential, Rural and other Areas",2013.0,Autumn,18.93,29.82,57.14,,
9515,Maharashtra,Ulhasnagar,"Residential, Rural and other Areas",2013.0,Spring,27.77,39.42,65.42,,
9516,Maharashtra,Ulhasnagar,"Residential, Rural and other Areas",2013.0,Summer,20.48,30.83,58.52,,
9517,Maharashtra,Ulhasnagar,"Residential, Rural and other Areas",2013.0,Winter,22.08,46.42,77.75,,
9518,Maharashtra,Ulhasnagar,"Residential, Rural and other Areas",2014.0,Autumn,21.98,47.13,91.27,,
9519,Maharashtra,Ulhasnagar,"Residential, Rural and other Areas",2014.0,Spring,38.67,54.25,105.92,,
9520,Maharashtra,Ulhasnagar,"Residential, Rural and other Areas",2014.0,Summer,36.62,62.38,117.18,,
9521,Maharashtra,Ulhasnagar,"Residential, Rural and other Areas",2014.0,Winter,36.89,60.27,113.44,,
9522,Maharashtra,Ulhasnagar,"Residential, Rural and other Areas",2015.0,Autumn,22.73,61.16,116.86,,
9523,Maharashtra,Ulhasnagar,"Residential, Rural and other Areas",2015.0,Spring,17.96,47.0,86.81,,
9524,Maharashtra,Ulhasnagar,"Residential, Rural and other Areas",2015.0,Summer,20.47,50.68,96.0,,
9525,Maharashtra,Ulhasnagar,"Residential, Rural and other Areas",2015.0,Winter,22.2,57.08,108.42,,
9526,Manipur,Imphal,Residential and others,2007.0,Autumn,3.51,19.85,65.59,138.82,
9527,Manipur,Imphal,Residential and others,2007.0,Spring,4.2,20.51,59.57,121.86,
9528,Manipur,Imphal,Residential and others,2007.0,Summer,3.6,20.24,58.68,116.68,
9529,Manipur,Imphal,Residential and others,2007.0,Winter,3.25,22.38,79.9,151.0,
9530,Manipur,Imphal,Residential and others,2008.0,Autumn,5.1,16.93,80.67,182.0,
9531,Manipur,Imphal,Residential and others,2008.0,Spring,5.37,18.24,87.0,288.25,
9532,Manipur,Imphal,Residential and others,2008.0,Summer,3.8,26.6,78.0,167.5,
9533,Manipur,Imphal,Residential and others,2008.0,Winter,4.2,19.03,84.29,225.86,
9672,Mizoram,Aizawl,Residential and others,2005.0,Autumn,,,27.73,83.59,
9673,Mizoram,Aizawl,Residential and others,2005.0,Spring,,,26.81,98.94,
9674,Mizoram,Aizawl,Residential and others,2005.0,Summer,,,24.26,95.18,
9675,Mizoram,Aizawl,Residential and others,2005.0,Winter,,,36.43,105.93,
9676,Mizoram,Aizawl,Residential and others,2006.0,Autumn,3.34,8.74,27.97,75.68,
9677,Mizoram,Aizawl,Residential and others,2006.0,Spring,3.59,11.89,47.06,110.66,
9678,Mizoram,Aizawl,Residential and others,2006.0,Summer,3.28,9.83,34.32,91.63,
9679,Mizoram,Aizawl,Residential and others,2006.0,Winter,3.75,11.87,45.91,105.63,
9680,Mizoram,Aizawl,Residential and others,2007.0,Autumn,5.3,7.9,37.57,77.62,
9681,Mizoram,Aizawl,Residential and others,2007.0,Spring,,7.54,41.46,90.43,
9682,Mizoram,Aizawl,Residential and others,2007.0,Summer,5.3,7.16,35.29,78.97,
9683,Mizoram,Aizawl,Residential and others,2007.0,Winter,,9.37,44.99,98.83,
9684,Mizoram,Aizawl,Residential and others,2008.0,Autumn,,7.07,37.12,81.02,
9685,Mizoram,Aizawl,Residential and others,2008.0,Spring,,7.45,38.04,81.94,
9686,Mizoram,Aizawl,Residential and others,2008.0,Summer,,7.08,38.12,81.95,
9687,Mizoram,Aizawl,Residential and others,2008.0,Winter,,7.35,35.97,76.22,
9688,Mizoram,Aizawl,"Residential, Rural and other Areas",2010.0,Autumn,2.0,5.71,41.72,85.8,
9689,Mizoram,Aizawl,"Residential, Rural and other Areas",2010.0,Spring,2.0,5.58,45.68,96.4,
9690,Mizoram,Aizawl,"Residential, Rural and other Areas",2010.0,Summer,2.0,5.06,37.71,78.33,
9691,Mizoram,Aizawl,"Residential, Rural and other Areas",2010.0,Winter,2.0,5.7,41.28,85.59,
9692,Mizoram,Aizawl,"Residential, Rural and other Areas",2011.0,Autumn,2.0,5.49,39.03,,
9693,Mizoram,Aizawl,"Residential, Rural and other Areas",2011.0,Spring,2.0,5.75,40.58,,
9694,Mizoram,Aizawl,"Residential, Rural and other Areas",2011.0,Summer,2.0,5.48,38.18,,
9695,Mizoram,Aizawl,"Residential, Rural and other Areas",2011.0,Winter,2.0,5.69,38.41,,
9696,Mizoram,Aizawl,"Residential, Rural and other Areas",2012.0,Autumn,2.0,5.68,48.28,,
9697,Mizoram,Aizawl,"Residential, Rural and other Areas",2012.0,Spring,2.0,9.12,60.01,,
9698,Mizoram,Aizawl,"Residential, Rural and other Areas",2012.0,Summer,2.0,7.04,57.31,,
9699,Mizoram,Aizawl,"Residential, Rural and other Areas",2012.0,Winter,2.0,6.4,51.2,,
9700,Mizoram,Aizawl,"Residential, Rural and other Areas",2013.0,Autumn,2.09,9.58,46.89,,
9701,Mizoram,Aizawl,"Residential, Rural and other Areas",2013.0,Spring,2.24,9.93,52.59,,
9702,Mizoram,Aizawl,"Residential, Rural and other Areas",2013.0,Summer,2.12,7.49,36.68,,
9703,Mizoram,Aizawl,"Residential, Rural and other Areas",2013.0,Winter,2.09,10.02,56.83,,
9704,Mizoram,Aizawl,"Residential, Rural and other Areas",2014.0,Autumn,2.04,6.99,36.84,,
9705,Mizoram,Aizawl,"Residential, Rural and other Areas",2014.0,Spring,2.06,7.99,49.4,,
9706,Mizoram,Aizawl,"Residential, Rural and other Areas",2014.0,Summer,2.02,6.67,35.5,,
9707,Mizoram,Aizawl,"Residential, Rural and other Areas",2014.0,Winter,2.12,8.52,47.21,,
9708,Mizoram,Aizawl,"Residential, Rural and other Areas",2015.0,Autumn,2.0,7.48,41.78,,
9709,Mizoram,Aizawl,"Residential, Rural and other Areas",2015.0,Spring,2.0,9.69,47.82,,
9710,Mizoram,Aizawl,"Residential, Rural and other Areas",2015.0,Summer,2.01,7.83,27.85,,
9711,Mizoram,Aizawl,"Residential, Rural and other Areas",2015.0,Winter,2.0,8.54,59.06,,
10002,Odisha,Berhampur,Residential and others,2006.0,Autumn,,15.37,60.67,148.07,
10003,Odisha,Berhampur,Residential and others,2006.0,Spring,,15.87,46.52,133.87,
10004,Odisha,Berhampur,Residential and others,2006.0,Summer,,13.93,46.46,111.32,
10005,Odisha,Berhampur,Residential and others,2006.0,Winter,,14.79,85.72,234.72,
10006,Odisha,Berhampur,Residential and others,2007.0,Autumn,5.5,12.54,65.42,157.0,
10007,Odisha,Berhampur,Residential and others,2007.0,Spring,4.9,15.71,63.77,166.1,
10008,Odisha,Berhampur,Residential and others,2007.0,Summer,,13.82,44.15,117.07,
10009,Odisha,Berhampur,Residential and others,2007.0,Winter,,16.1,74.04,184.91,
10010,Odisha,Berhampur,Residential and others,2008.0,Autumn,6.6,13.01,63.77,154.96,
10011,Odisha,Berhampur,Residential and others,2008.0,Spring,,13.73,64.15,170.63,
10012,Odisha,Berhampur,Residential and others,2008.0,Summer,,13.57,57.38,122.92,
10013,Odisha,Berhampur,Residential and others,2008.0,Winter,,13.46,69.28,167.72,
10014,Odisha,Berhampur,Residential and others,2009.0,Autumn,3.4,14.23,59.52,127.52,
10015,Odisha,Berhampur,Residential and others,2009.0,Spring,,13.34,56.59,136.3,
10016,Odisha,Berhampur,Residential and others,2009.0,Summer,,13.44,49.81,107.89,
10017,Odisha,Berhampur,Residential and others,2009.0,Winter,,14.59,75.77,177.23,
10018,Odisha,Berhampur,"Residential, Rural and other Areas",2010.0,Autumn,2.0,13.62,57.13,142.12,
10019,Odisha,Berhampur,"Residential, Rural and other Areas",2010.0,Spring,2.0,12.04,70.69,168.62,
10020,Odisha,Berhampur,"Residential, Rural and other Areas",2010.0,Summer,2.0,13.1,43.95,120.58,
10021,Odisha,Berhampur,"Residential, Rural and other Areas",2010.0,Winter,2.0,14.37,59.1,136.29,
10022,Odisha,Berhampur,"Residential, Rural and other Areas",2013.0,Autumn,2.0,16.78,62.01,,
10023,Odisha,Berhampur,"Residential, Rural and other Areas",2013.0,Spring,2.0,20.81,77.96,,
10024,Odisha,Berhampur,"Residential, Rural and other Areas",2013.0,Summer,2.0,19.48,57.14,,
10025,Odisha,Berhampur,"Residential, Rural and other Areas",2013.0,Winter,2.0,21.25,99.18,,
10026,Odisha,Berhampur,"Residential, Rural and other Areas",2014.0,Autumn,2.0,17.93,78.26,,
10027,Odisha,Berhampur,"Residential, Rural and other Areas",2014.0,Spring,2.0,18.07,73.79,,
10028,Odisha,Berhampur,"Residential, Rural and other Areas",2014.0,Summer,2.0,14.92,60.92,,
10029,Odisha,Berhampur,"Residential, Rural and other Areas",2014.0,Winter,2.0,18.25,72.38,,
10030,Odisha,Berhampur,"Residential, Rural and other Areas",2015.0,Autumn,2.0,18.16,49.88,,30.92
10031,Odisha,Berhampur,"Residential, Rural and other Areas",2015.0,Spring,2.0,17.65,48.65,,27.76
10032,Odisha,Berhampur,"Residential, Rural and other Areas",2015.0,Summer,2.0,16.33,39.22,,22.78
10033,Odisha,Berhampur,"Residential, Rural and other Areas",2015.0,Winter,2.0,20.06,86.72,,50.28
10054,Odisha,Bhubaneswar,"Residential, Rural and other Areas",2004.0,Autumn,2.03,12.85,67.66,123.86,
10055,Odisha,Bhubaneswar,"Residential, Rural and other Areas",2004.0,Spring,2.05,8.84,50.27,96.49,
10056,Odisha,Bhubaneswar,"Residential, Rural and other Areas",2004.0,Summer,2.13,9.96,43.51,72.45,
10057,Odisha,Bhubaneswar,"Residential, Rural and other Areas",2004.0,Winter,2.03,12.71,75.78,133.64,
10058,Odisha,Bhubaneswar,"Residential, Rural and other Areas",2010.0,Autumn,2.0,17.72,82.7,160.27,
10059,Odisha,Bhubaneswar,"Residential, Rural and other Areas",2010.0,Spring,2.0,18.64,82.89,162.45,
10060,Odisha,Bhubaneswar,"Residential, Rural and other Areas",2010.0,Summer,2.0,15.91,64.08,123.54,
10061,Odisha,Bhubaneswar,"Residential, Rural and other Areas",2010.0,Winter,2.0,20.47,106.82,219.47,
10062,Odisha,Bhubaneswar,"Residential, Rural and other Areas",2011.0,Autumn,2.44,19.63,102.59,158.76,
10063,Odisha,Bhubaneswar,"Residential, Rural and other Areas",2011.0,Spring,2.07,17.1,72.6,131.48,
10064,Odisha,Bhubaneswar,"Residential, Rural and other Areas",2011.0,Summer,2.11,12.65,60.5,98.67,
10065,Odisha,Bhubaneswar,"Residential, Rural and other Areas",2011.0,Winter,2.0,23.86,128.16,212.82,
10066,Odisha,Bhubaneswar,"Residential, Rural and other Areas",2012.0,Autumn,2.04,18.4,93.09,,
10067,Odisha,Bhubaneswar,"Residential, Rural and other Areas",2012.0,Spring,2.0,18.96,76.89,,
10068,Odisha,Bhubaneswar,"Residential, Rural and other Areas",2012.0,Summer,2.0,14.88,49.39,,
10069,Odisha,Bhubaneswar,"Residential, Rural and other Areas",2012.0,Winter,2.0,23.91,118.84,,
10070,Odisha,Bhubaneswar,"Residential, Rural and other Areas",2013.0,Autumn,2.0,16.89,92.47,,
10071,Odisha,Bhubaneswar,"Residential, Rural and other Areas",2013.0,Spring,2.0,15.54,75.72,,
10072,Odisha,Bhubaneswar,"Residential, Rural and other Areas",2013.0,Summer,2.0,15.08,61.67,,
10073,Odisha,Bhubaneswar,"Residential, Rural and other Areas",2013.0,Winter,2.0,21.89,125.12,,
10074,Odisha,Bhubaneswar,"Residential, Rural and other Areas",2014.0,Autumn,2.54,20.18,104.0,,38.08
10075,Odisha,Bhubaneswar,"Residential, Rural and other Areas",2014.0,Spring,2.0,18.4,80.62,,32.0
10076,Odisha,Bhubaneswar,"Residential, Rural and other Areas",2014.0,Summer,2.0,15.22,56.65,,21.59
10077,Odisha,Bhubaneswar,"Residential, Rural and other Areas",2014.0,Winter,2.0,21.34,134.56,,54.22
10078,Odisha,Bhubaneswar,"Residential, Rural and other Areas",2015.0,Autumn,2.7,18.16,97.28,,41.56
10079,Odisha,Bhubaneswar,"Residential, Rural and other Areas",2015.0,Spring,2.0,16.66,74.88,,20.87
10080,Odisha,Bhubaneswar,"Residential, Rural and other Areas",2015.0,Summer,2.0,16.81,56.1,,19.05
10081,Odisha,Bhubaneswar,"Residential, Rural and other Areas",2015.0,Winter,2.0,17.9,107.88,,35.68
10082,Odisha,Cuttack,Residential and others,2005.0,Autumn,,29.08,72.17,194.0,
10083,Odisha,Cuttack,Residential and others,2005.0,Spring,2.72,33.73,64.68,221.89,
10084,Odisha,Cuttack,Residential and others,2005.0,Summer,,28.92,51.62,145.23,
10085,Odisha,Cuttack,Residential and others,2005.0,Winter,,30.73,76.6,172.4,
10086,Odisha,Cuttack,Residential and others,2006.0,Autumn,3.78,26.71,79.47,230.39,
10087,Odisha,Cuttack,Residential and others,2006.0,Spring,2.85,35.47,69.15,226.0,
10088,Odisha,Cuttack,Residential and others,2006.0,Summer,3.05,28.3,63.13,207.04,
10089,Odisha,Cuttack,Residential and others,2006.0,Winter,3.14,31.75,99.02,270.82,
10090,Odisha,Cuttack,Residential and others,2007.0,Autumn,3.75,30.8,84.84,261.33,
10091,Odisha,Cuttack,Residential and others,2007.0,Spring,2.91,29.81,75.73,234.76,
10092,Odisha,Cuttack,Residential and others,2007.0,Summer,2.58,28.46,65.58,211.96,
10093,Odisha,Cuttack,Residential and others,2007.0,Winter,3.12,29.83,100.04,280.94,
10094,Odisha,Cuttack,Residential and others,2008.0,Autumn,2.92,20.21,92.3,264.78,
10095,Odisha,Cuttack,Residential and others,2008.0,Spring,3.02,18.74,78.19,225.26,
10096,Odisha,Cuttack,Residential and others,2008.0,Summer,3.12,15.92,57.58,158.44,
10097,Odisha,Cuttack,Residential and others,2008.0,Winter,3.28,24.87,99.65,274.41,
10098,Odisha,Cuttack,Residential and others,2009.0,Autumn,3.65,18.44,86.89,231.13,
10099,Odisha,Cuttack,Residential and others,2009.0,Spring,,21.93,73.86,223.61,
10100,Odisha,Cuttack,Residential and others,2009.0,Summer,3.17,18.58,55.37,165.08,
10101,Odisha,Cuttack,Residential and others,2009.0,Winter,2.77,20.91,110.96,286.66,
10102,Odisha,Cuttack,"Residential, Rural and other Areas",2010.0,Autumn,2.29,20.08,68.59,184.06,
10103,Odisha,Cuttack,"Residential, Rural and other Areas",2010.0,Spring,2.05,21.23,78.33,231.22,
10104,Odisha,Cuttack,"Residential, Rural and other Areas",2010.0,Summer,2.29,19.56,53.03,172.19,
10105,Odisha,Cuttack,"Residential, Rural and other Areas",2010.0,Winter,2.2,25.6,106.47,272.89,
10106,Odisha,Cuttack,"Residential, Rural and other Areas",2013.0,Autumn,2.01,17.79,81.2,,
10107,Odisha,Cuttack,"Residential, Rural and other Areas",2013.0,Spring,2.0,15.45,77.26,,
10108,Odisha,Cuttack,"Residential, Rural and other Areas",2013.0,Summer,2.0,14.77,60.49,,
10109,Odisha,Cuttack,"Residential, Rural and other Areas",2013.0,Winter,2.03,19.94,109.96,,
10110,Odisha,Cuttack,"Residential, Rural and other Areas",2014.0,Autumn,2.64,28.83,90.53,,48.67
10111,Odisha,Cuttack,"Residential, Rural and other Areas",2014.0,Spring,2.18,30.5,90.64,,47.3
10112,Odisha,Cuttack,"Residential, Rural and other Areas",2014.0,Summer,2.3,29.21,74.31,,39.13
10113,Odisha,Cuttack,"Residential, Rural and other Areas",2014.0,Winter,2.26,31.34,114.57,,64.64
10114,Odisha,Cuttack,"Residential, Rural and other Areas",2015.0,Autumn,3.38,30.38,84.77,,34.92
10115,Odisha,Cuttack,"Residential, Rural and other Areas",2015.0,Spring,2.53,29.27,76.62,,31.73
10116,Odisha,Cuttack,"Residential, Rural and other Areas",2015.0,Summer,2.73,29.57,60.8,,27.66
10117,Odisha,Cuttack,"Residential, Rural and other Areas",2015.0,Winter,2.62,30.76,102.22,,46.88
10244,Odisha,Rourkela,Residential and others,2005.0,Autumn,5.08,10.46,90.36,164.96,
10245,Odisha,Rourkela,Residential and others,2005.0,Spring,5.24,10.37,96.52,178.45,
10246,Odisha,Rourkela,Residential and others,2005.0,Summer,5.01,10.23,78.96,148.04,
10247,Odisha,Rourkela,Residential and others,2005.0,Winter,5.18,10.47,106.0,189.96,
10248,Odisha,Rourkela,Residential and others,2006.0,Autumn,4.9,10.27,97.0,173.86,
10249,Odisha,Rourkela,Residential and others,2006.0,Spring,5.08,10.49,108.54,204.54,
10250,Odisha,Rourkela,Residential and others,2006.0,Summer,5.02,10.64,92.33,164.63,
10251,Odisha,Rourkela,Residential and others,2006.0,Winter,5.22,10.55,106.98,194.43,
10252,Odisha,Rourkela,Residential and others,2007.0,Autumn,5.24,10.08,100.38,190.6,
10253,Odisha,Rourkela,Residential and others,2007.0,Spring,5.23,10.07,104.04,191.6,
10254,Odisha,Rourkela,Residential and others,2007.0,Summer,5.21,9.9,100.23,186.79,
10255,Odisha,Rourkela,Residential and others,2007.0,Winter,5.33,10.1,100.26,187.93,
10256,Odisha,Rourkela,Residential and others,2008.0,Autumn,5.49,10.62,102.75,203.64,
10257,Odisha,Rourkela,Residential and others,2008.0,Spring,5.38,10.37,101.63,204.17,
10258,Odisha,Rourkela,Residential and others,2008.0,Summer,5.25,10.34,94.8,194.02,
10259,Odisha,Rourkela,Residential and others,2008.0,Winter,5.45,10.3,106.35,205.39,
10260,Odisha,Rourkela,Residential and others,2009.0,Autumn,5.69,10.49,104.31,200.43,
10261,Odisha,Rourkela,Residential and others,2009.0,Spring,5.22,10.44,109.32,211.41,
10262,Odisha,Rourkela,Residential and others,2009.0,Summer,5.58,10.8,101.83,195.37,
10263,Odisha,Rourkela,Residential and others,2009.0,Winter,5.64,10.83,113.94,218.11,
10264,Odisha,Rourkela,"Residential, Rural and other Areas",2004.0,Autumn,4.7,9.57,87.95,166.56,
10265,Odisha,Rourkela,"Residential, Rural and other Areas",2004.0,Spring,4.06,7.46,99.59,198.05,
10266,Odisha,Rourkela,"Residential, Rural and other Areas",2004.0,Summer,4.17,7.6,70.19,136.28,
10267,Odisha,Rourkela,"Residential, Rural and other Areas",2004.0,Winter,4.3,8.55,102.27,192.77,
10268,Odisha,Rourkela,"Residential, Rural and other Areas",2010.0,Autumn,5.27,10.69,103.89,209.12,
10269,Odisha,Rourkela,"Residential, Rural and other Areas",2010.0,Spring,4.87,10.44,104.71,208.66,
10270,Odisha,Rourkela,"Residential, Rural and other Areas",2010.0,Summer,5.14,10.52,102.31,208.83,
10271,Odisha,Rourkela,"Residential, Rural and other Areas",2010.0,Winter,5.2,10.85,107.31,214.72,
10272,Odisha,Rourkela,"Residential, Rural and other Areas",2012.0,Autumn,5.18,10.94,99.04,,
10273,Odisha,Rourkela,"Residential, Rural and other Areas",2012.0,Spring,5.04,10.75,101.77,,
10274,Odisha,Rourkela,"Residential, Rural and other Areas",2012.0,Summer,5.08,10.42,91.1,,
10275,Odisha,Rourkela,"Residential, Rural and other Areas",2012.0,Winter,5.12,10.45,98.74,,
10276,Odisha,Rourkela,"Residential, Rural and other Areas",2013.0,Autumn,5.11,10.64,92.4,,
10277,Odisha,Rourkela,"Residential, Rural and other Areas",2013.0,Spring,5.05,11.01,101.62,,
10278,Odisha,Rourkela,"Residential, Rural and other Areas",2013.0,Summer,5.05,10.55,95.84,,
10279,Odisha,Rourkela,"Residential, Rural and other Areas",2013.0,Winter,5.2,10.94,97.14,,
10280,Odisha,Rourkela,"Residential, Rural and other Areas",2014.0,Autumn,5.58,11.69,82.42,,
10281,Odisha,Rourkela,"Residential, Rural and other Areas",2014.0,Spring,5.55,11.29,78.61,,
10282,Odisha,Rourkela,"Residential, Rural and other Areas",2014.0,Summer,5.2,10.97,76.0,,
10283,Odisha,Rourkela,"Residential, Rural and other Areas",2014.0,Winter,6.47,11.9,98.57,,
10284,Odisha,Rourkela,"Residential, Rural and other Areas",2015.0,Autumn,8.63,13.28,114.31,,51.38
10285,Odisha,Rourkela,"Residential, Rural and other Areas",2015.0,Spring,9.79,13.62,107.83,,53.47
10286,Odisha,Rourkela,"Residential, Rural and other Areas",2015.0,Summer,7.58,11.42,74.21,,35.22
10287,Odisha,Rourkela,"Residential, Rural and other Areas",2015.0,Winter,8.81,13.28,115.77,,61.39
10288,Odisha,Sambalpur,Residential and others,2005.0,Autumn,,9.3,48.4,113.0,
10289,Odisha,Sambalpur,Residential and others,2005.0,Spring,4.0,10.08,47.69,112.75,
10290,Odisha,Sambalpur,Residential and others,2005.0,Summer,4.0,9.84,40.82,103.45,
10291,Odisha,Sambalpur,Residential and others,2005.0,Winter,,9.8,44.33,104.33,
10292,Odisha,Sambalpur,Residential and others,2006.0,Autumn,2.92,10.16,46.5,123.38,
10293,Odisha,Sambalpur,Residential and others,2006.0,Spring,3.23,9.86,44.6,114.63,
10294,Odisha,Sambalpur,Residential and others,2006.0,Summer,3.02,9.39,37.7,95.41,
10295,Odisha,Sambalpur,Residential and others,2006.0,Winter,3.45,10.31,52.37,126.15,
10296,Odisha,Sambalpur,Residential and others,2007.0,Autumn,6.52,11.71,48.23,125.87,
10297,Odisha,Sambalpur,Residential and others,2007.0,Spring,3.91,10.89,47.83,124.1,
10298,Odisha,Sambalpur,Residential and others,2007.0,Summer,3.95,10.59,42.68,114.5,
10299,Odisha,Sambalpur,Residential and others,2007.0,Winter,3.82,10.69,55.14,134.38,
10300,Odisha,Sambalpur,Residential and others,2008.0,Autumn,4.09,14.21,51.43,132.11,
10301,Odisha,Sambalpur,Residential and others,2008.0,Spring,3.92,13.6,49.26,129.91,
10302,Odisha,Sambalpur,Residential and others,2008.0,Summer,4.09,13.97,42.7,117.25,
10303,Odisha,Sambalpur,Residential and others,2008.0,Winter,4.17,13.18,55.78,139.22,
10304,Odisha,Sambalpur,Residential and others,2009.0,Autumn,4.43,16.68,52.93,135.61,
10305,Odisha,Sambalpur,Residential and others,2009.0,Spring,4.54,16.35,59.47,144.41,
10306,Odisha,Sambalpur,Residential and others,2009.0,Summer,4.14,15.55,47.59,125.79,
10307,Odisha,Sambalpur,Residential and others,2009.0,Winter,4.23,15.78,55.69,140.72,
10308,Odisha,Sambalpur,"Residential, Rural and other Areas",2010.0,Autumn,3.15,13.86,53.46,127.12,
10309,Odisha,Sambalpur,"Residential, Rural and other Areas",2010.0,Spring,3.76,16.42,51.36,133.05,
10310,Odisha,Sambalpur,"Residential, Rural and other Areas",2010.0,Summer,3.24,14.18,47.69,125.5,
10311,Odisha,Sambalpur,"Residential, Rural and other Areas",2010.0,Winter,3.65,15.75,50.18,142.58,
10312,Odisha,Sambalpur,"Residential, Rural and other Areas",2012.0,Autumn,3.54,14.76,53.9,,
10313,Odisha,Sambalpur,"Residential, Rural and other Areas",2012.0,Spring,3.55,14.57,53.18,,
10314,Odisha,Sambalpur,"Residential, Rural and other Areas",2012.0,Summer,3.19,14.87,48.23,,
10315,Odisha,Sambalpur,"Residential, Rural and other Areas",2012.0,Winter,3.29,15.11,56.71,,
10316,Odisha,Sambalpur,"Residential, Rural and other Areas",2013.0,Autumn,2.62,13.08,46.46,,
10317,Odisha,Sambalpur,"Residential, Rural and other Areas",2013.0,Spring,3.14,14.29,55.46,,
10318,Odisha,Sambalpur,"Residential, Rural and other Areas",2013.0,Summer,2.79,13.96,48.08,,
10319,Odisha,Sambalpur,"Residential, Rural and other Areas",2013.0,Winter,3.46,15.0,52.07,,
10320,Odisha,Sambalpur,"Residential, Rural and other Areas",2014.0,Autumn,3.67,16.4,59.1,,
10321,Odisha,Sambalpur,"Residential, Rural and other Areas",2014.0,Spring,3.15,15.3,53.0,,
10322,Odisha,Sambalpur,"Residential, Rural and other Areas",2014.0,Summer,3.4,15.6,52.76,,
10323,Odisha,Sambalpur,"Residential, Rural and other Areas",2014.0,Winter,3.14,15.68,55.71,,
10324,Odisha,Sambalpur,"Residential, Rural and other Areas",2015.0,Autumn,4.11,17.21,75.25,,50.0
10325,Odisha,Sambalpur,"Residential, Rural and other Areas",2015.0,Winter,4.2,17.4,80.9,,49.2
10641,Punjab,Amritsar,Industrial Area,2010.0,Autumn,14.73,35.8,213.93,,
10642,Punjab,Amritsar,Industrial Area,2010.0,Spring,13.5,34.33,220.67,,
10643,Punjab,Amritsar,Industrial Area,2010.0,Summer,14.33,35.5,214.5,,
10644,Punjab,Amritsar,Industrial Area,2010.0,Winter,14.3,35.6,214.85,,
10645,Punjab,Amritsar,Industrial Area,2011.0,Autumn,13.42,37.38,193.0,,
10646,Punjab,Amritsar,Industrial Area,2011.0,Spring,15.45,36.36,214.88,,
10647,Punjab,Amritsar,Industrial Area,2011.0,Summer,13.88,35.98,228.2,,
10648,Punjab,Amritsar,Industrial Area,2011.0,Winter,14.42,36.75,206.18,,
10649,Punjab,Amritsar,Industrial Area,2012.0,Autumn,14.22,39.44,202.44,,
10650,Punjab,Amritsar,Industrial Area,2012.0,Spring,14.39,39.39,202.78,,
10651,Punjab,Amritsar,Industrial Area,2012.0,Summer,14.5,38.0,216.5,,
10652,Punjab,Amritsar,Industrial Area,2012.0,Winter,16.44,38.75,208.06,,
10653,Punjab,Amritsar,Industrial Area,2013.0,Autumn,13.31,39.19,180.71,,
10654,Punjab,Amritsar,Industrial Area,2013.0,Spring,12.47,40.03,183.13,,
10655,Punjab,Amritsar,Industrial Area,2013.0,Summer,12.38,38.06,169.75,,
10656,Punjab,Amritsar,Industrial Area,2013.0,Winter,11.91,38.91,178.5,,
10657,Punjab,Amritsar,Industrial Area,2014.0,Autumn,13.57,41.43,185.83,,
10658,Punjab,Amritsar,Industrial Area,2014.0,Spring,13.26,40.52,195.63,,
10659,Punjab,Amritsar,Industrial Area,2014.0,Summer,13.29,41.24,187.62,,
10660,Punjab,Amritsar,Industrial Area,2014.0,Winter,12.87,38.67,180.87,,
10661,Punjab,Amritsar,Industrial Area,2015.0,Autumn,13.16,37.95,173.89,,
10662,Punjab,Amritsar,Industrial Area,2015.0,Spring,13.37,38.63,199.67,,
10663,Punjab,Amritsar,Industrial Area,2015.0,Summer,13.04,38.04,165.92,,
10664,Punjab,Amritsar,Industrial Area,2015.0,Winter,14.06,38.94,203.65,,
10665,Punjab,Amritsar,Industrial Area,2006.0,Autumn,11.97,31.68,,392.16,
10666,Punjab,Amritsar,Industrial Area,2006.0,Spring,12.64,32.06,348.0,393.43,
10667,Punjab,Amritsar,Industrial Area,2006.0,Summer,12.05,31.55,,346.0,
10668,Punjab,Amritsar,Industrial Area,2006.0,Winter,11.81,31.06,,374.8,
10669,Punjab,Amritsar,Industrial Area,2007.0,Autumn,14.11,32.23,378.0,393.76,
10670,Punjab,Amritsar,Industrial Area,2007.0,Spring,13.41,33.57,568.0,416.53,
10671,Punjab,Amritsar,Industrial Area,2007.0,Summer,13.16,32.0,,382.71,
10672,Punjab,Amritsar,Industrial Area,2007.0,Winter,13.17,32.59,,369.95,
10673,Punjab,Amritsar,Industrial Area,2008.0,Autumn,15.23,33.17,369.0,405.14,
10674,Punjab,Amritsar,Industrial Area,2008.0,Spring,13.85,34.58,,409.47,
10675,Punjab,Amritsar,Industrial Area,2008.0,Summer,15.21,33.87,,413.89,
10676,Punjab,Amritsar,Industrial Area,2008.0,Winter,14.27,32.99,,408.56,
10677,Punjab,Amritsar,Industrial Area,2009.0,Autumn,14.7,35.5,163.0,368.0,
10678,Punjab,Amritsar,Industrial Area,2009.0,Spring,15.59,36.21,162.5,475.71,
10679,Punjab,Amritsar,Industrial Area,2009.0,Summer,16.08,36.71,165.8,499.33,
10680,Punjab,Amritsar,Industrial Area,2009.0,Winter,16.52,35.98,182.0,469.38,
10681,Punjab,Amritsar,Residential and others,2006.0,Autumn,12.13,29.79,,365.81,
10682,Punjab,Amritsar,Residential and others,2006.0,Spring,12.73,32.87,372.0,400.93,
10683,Punjab,Amritsar,Residential and others,2006.0,Summer,10.98,31.01,,333.41,
10684,Punjab,Amritsar,Residential and others,2006.0,Winter,11.81,30.96,,366.0,
10685,Punjab,Amritsar,Residential and others,2007.0,Autumn,13.81,32.83,455.0,408.48,
10686,Punjab,Amritsar,Residential and others,2007.0,Spring,13.7,34.15,,420.95,
10687,Punjab,Amritsar,Residential and others,2007.0,Summer,13.82,33.1,,388.87,
10688,Punjab,Amritsar,Residential and others,2007.0,Winter,13.78,33.19,,431.74,
10689,Punjab,Amritsar,Residential and others,2008.0,Autumn,15.63,34.98,547.0,508.0,
10690,Punjab,Amritsar,Residential and others,2008.0,Spring,13.87,33.65,,470.73,
10691,Punjab,Amritsar,Residential and others,2008.0,Summer,14.65,39.04,555.0,434.88,
10692,Punjab,Amritsar,Residential and others,2008.0,Winter,14.23,34.82,,467.82,
10693,Punjab,Amritsar,Residential and others,2009.0,Autumn,14.8,40.3,,417.0,
10694,Punjab,Amritsar,Residential and others,2009.0,Spring,15.26,35.61,169.29,508.5,
10695,Punjab,Amritsar,Residential and others,2009.0,Summer,14.29,33.8,161.75,,
10696,Punjab,Amritsar,Residential and others,2009.0,Winter,14.43,37.12,171.0,452.22,
10697,Punjab,Amritsar,"Residential, Rural and other Areas",2010.0,Autumn,14.57,36.04,227.13,,
10698,Punjab,Amritsar,"Residential, Rural and other Areas",2010.0,Spring,13.29,34.71,226.86,,
10699,Punjab,Amritsar,"Residential, Rural and other Areas",2010.0,Summer,13.92,36.17,216.75,,
10700,Punjab,Amritsar,"Residential, Rural and other Areas",2010.0,Winter,13.73,35.6,221.87,,
10701,Punjab,Amritsar,"Residential, Rural and other Areas",2011.0,Autumn,13.46,35.22,199.88,,
10702,Punjab,Amritsar,"Residential, Rural and other Areas",2011.0,Spring,14.48,36.62,223.74,,
10703,Punjab,Amritsar,"Residential, Rural and other Areas",2011.0,Summer,14.24,34.84,206.43,,
10704,Punjab,Amritsar,"Residential, Rural and other Areas",2011.0,Winter,14.45,36.35,223.15,,
10705,Punjab,Amritsar,"Residential, Rural and other Areas",2013.0,Autumn,13.92,40.23,180.38,,
10706,Punjab,Amritsar,"Residential, Rural and other Areas",2013.0,Spring,13.24,41.0,188.72,,
10707,Punjab,Amritsar,"Residential, Rural and other Areas",2013.0,Summer,12.92,40.15,173.85,,
10708,Punjab,Amritsar,"Residential, Rural and other Areas",2013.0,Winter,12.86,39.05,179.73,,
10709,Punjab,Amritsar,"Residential, Rural and other Areas",2014.0,Autumn,13.61,40.94,191.94,,
10710,Punjab,Amritsar,"Residential, Rural and other Areas",2014.0,Spring,13.76,39.9,196.19,,
10711,Punjab,Amritsar,"Residential, Rural and other Areas",2014.0,Summer,13.47,42.07,195.57,,
10712,Punjab,Amritsar,"Residential, Rural and other Areas",2014.0,Winter,13.21,37.79,183.93,,
10713,Punjab,Amritsar,"Residential, Rural and other Areas",2015.0,Autumn,12.24,33.0,151.24,,
10714,Punjab,Amritsar,"Residential, Rural and other Areas",2015.0,Spring,11.31,30.62,161.72,,
10715,Punjab,Amritsar,"Residential, Rural and other Areas",2015.0,Summer,11.48,31.64,144.16,,
10716,Punjab,Amritsar,"Residential, Rural and other Areas",2015.0,Winter,11.14,29.41,155.82,,
10717,Punjab,Bathinda,Industrial Area,2010.0,Autumn,8.74,18.39,188.96,,
10718,Punjab,Bathinda,Industrial Area,2010.0,Spring,9.04,24.22,272.52,,
10719,Punjab,Bathinda,Industrial Area,2010.0,Summer,10.31,24.5,187.44,,
10720,Punjab,Bathinda,Industrial Area,2010.0,Winter,8.97,18.03,202.7,,
10721,Punjab,Bathinda,Industrial Area,2011.0,Autumn,9.9,22.69,116.54,,
10722,Punjab,Bathinda,Industrial Area,2011.0,Spring,8.5,20.47,99.94,,
10723,Punjab,Bathinda,Industrial Area,2011.0,Summer,11.53,23.64,96.79,,
10724,Punjab,Bathinda,Industrial Area,2011.0,Winter,9.5,19.69,105.33,,
10725,Punjab,Bathinda,Industrial Area,2013.0,Autumn,8.0,23.33,121.33,,
10726,Punjab,Bathinda,Industrial Area,2013.0,Spring,7.95,22.9,147.8,,
10727,Punjab,Bathinda,Industrial Area,2013.0,Summer,7.22,19.56,128.78,,
10728,Punjab,Bathinda,Industrial Area,2013.0,Winter,6.59,22.59,113.24,,
10729,Punjab,Bathinda,Industrial Area,2014.0,Autumn,6.16,18.16,128.22,,
10730,Punjab,Bathinda,Industrial Area,2014.0,Spring,6.17,17.73,121.37,,
10731,Punjab,Bathinda,Industrial Area,2014.0,Summer,5.89,16.67,108.89,,
10732,Punjab,Bathinda,Industrial Area,2014.0,Winter,6.62,16.03,124.77,,
10733,Punjab,Bathinda,Industrial Area,2015.0,Autumn,6.07,15.62,119.17,,
10734,Punjab,Bathinda,Industrial Area,2015.0,Spring,5.68,16.03,115.29,,
10735,Punjab,Bathinda,Industrial Area,2015.0,Summer,5.05,13.43,97.76,,
10736,Punjab,Bathinda,Industrial Area,2015.0,Winter,5.19,15.27,110.27,,
10737,Punjab,Bathinda,Industrial Area,2006.0,Autumn,10.86,30.3,,220.58,
10738,Punjab,Bathinda,Industrial Area,2006.0,Spring,10.99,28.8,290.0,280.87,
10739,Punjab,Bathinda,Industrial Area,2006.0,Summer,10.52,30.52,213.0,230.13,
10740,Punjab,Bathinda,Industrial Area,2006.0,Winter,10.71,29.86,,235.94,
10741,Punjab,Bathinda,Industrial Area,2007.0,Autumn,12.31,27.01,401.67,225.65,
10742,Punjab,Bathinda,Industrial Area,2007.0,Spring,16.2,32.84,336.59,307.56,
10743,Punjab,Bathinda,Industrial Area,2007.0,Summer,15.25,30.41,366.0,256.76,
10744,Punjab,Bathinda,Industrial Area,2007.0,Winter,11.63,28.38,273.33,204.07,
10745,Punjab,Bathinda,Industrial Area,2008.0,Autumn,8.48,21.22,,219.29,
10746,Punjab,Bathinda,Industrial Area,2008.0,Spring,8.16,22.12,,216.48,
10747,Punjab,Bathinda,Industrial Area,2008.0,Summer,8.5,21.0,,208.93,
10748,Punjab,Bathinda,Industrial Area,2008.0,Winter,8.19,19.67,,191.48,
10749,Punjab,Bathinda,Industrial Area,2009.0,Autumn,7.41,20.42,,204.0,
10750,Punjab,Bathinda,Industrial Area,2009.0,Spring,8.9,21.45,,211.93,
10751,Punjab,Bathinda,Industrial Area,2009.0,Summer,8.14,20.14,,194.48,
10752,Punjab,Bathinda,Industrial Area,2009.0,Winter,8.68,21.76,,199.21,
10969,Punjab,Jalandhar,Industrial Area,2004.0,Autumn,12.0,31.43,230.12,,
10970,Punjab,Jalandhar,Industrial Area,2004.0,Spring,12.19,30.62,238.0,,
10971,Punjab,Jalandhar,Industrial Area,2004.0,Summer,11.43,28.86,202.66,,
10972,Punjab,Jalandhar,Industrial Area,2004.0,Winter,11.27,30.67,245.96,,
10973,Punjab,Jalandhar,Industrial Area,2011.0,Autumn,13.24,27.24,165.6,,
10974,Punjab,Jalandhar,Industrial Area,2011.0,Spring,10.2,26.97,162.22,,
10975,Punjab,Jalandhar,Industrial Area,2011.0,Summer,11.59,23.31,146.56,,
10976,Punjab,Jalandhar,Industrial Area,2011.0,Winter,12.78,27.74,155.0,,
10977,Punjab,Jalandhar,Industrial Area,2012.0,Autumn,13.67,29.83,144.56,,
10978,Punjab,Jalandhar,Industrial Area,2012.0,Spring,13.86,30.52,154.15,,
10979,Punjab,Jalandhar,Industrial Area,2012.0,Summer,13.31,29.88,150.83,,
10980,Punjab,Jalandhar,Industrial Area,2012.0,Winter,13.73,29.18,134.97,,
10981,Punjab,Jalandhar,Industrial Area,2013.0,Autumn,13.88,28.16,167.72,,
10982,Punjab,Jalandhar,Industrial Area,2013.0,Spring,13.51,29.51,180.03,,
10983,Punjab,Jalandhar,Industrial Area,2013.0,Summer,13.31,28.06,159.84,,
10984,Punjab,Jalandhar,Industrial Area,2013.0,Winter,14.09,28.66,182.04,,
10985,Punjab,Jalandhar,Industrial Area,2014.0,Autumn,14.03,27.37,147.73,,
10986,Punjab,Jalandhar,Industrial Area,2014.0,Spring,13.71,28.1,153.28,,
10987,Punjab,Jalandhar,Industrial Area,2014.0,Summer,13.44,27.79,147.46,,
10988,Punjab,Jalandhar,Industrial Area,2014.0,Winter,14.17,28.15,154.43,,
10989,Punjab,Jalandhar,Industrial Area,2015.0,Autumn,14.61,27.45,164.16,,
10990,Punjab,Jalandhar,Industrial Area,2015.0,Spring,14.02,28.41,152.8,,
10991,Punjab,Jalandhar,Industrial Area,2015.0,Summer,12.97,27.51,149.74,,
10992,Punjab,Jalandhar,Industrial Area,2015.0,Winter,13.93,27.91,191.09,,
10993,Punjab,Jalandhar,Industrial Area,2005.0,Autumn,12.45,31.87,221.78,,
10994,Punjab,Jalandhar,Industrial Area,2005.0,Spring,12.58,33.13,217.88,,
10995,Punjab,Jalandhar,Industrial Area,2005.0,Summer,12.27,32.1,211.48,,
10996,Punjab,Jalandhar,Industrial Area,2005.0,Winter,12.43,33.34,239.47,,
10997,Punjab,Jalandhar,Industrial Area,2006.0,Autumn,11.67,30.73,187.46,,
10998,Punjab,Jalandhar,Industrial Area,2006.0,Spring,12.34,31.45,192.42,,
10999,Punjab,Jalandhar,Industrial Area,2006.0,Summer,11.95,30.39,177.07,,
11000,Punjab,Jalandhar,Industrial Area,2006.0,Winter,12.21,30.88,189.13,,
11001,Punjab,Jalandhar,Industrial Area,2007.0,Autumn,13.14,32.67,187.27,,
11002,Punjab,Jalandhar,Industrial Area,2007.0,Spring,13.07,32.26,177.26,,
11003,Punjab,Jalandhar,Industrial Area,2007.0,Summer,13.38,31.67,180.76,,
11004,Punjab,Jalandhar,Industrial Area,2007.0,Winter,13.14,33.4,186.14,,
11005,Punjab,Jalandhar,Industrial Area,2008.0,Autumn,13.07,31.37,154.95,,
11006,Punjab,Jalandhar,Industrial Area,2008.0,Spring,12.79,31.51,171.26,,
11007,Punjab,Jalandhar,Industrial Area,2008.0,Summer,13.67,31.56,147.07,,
11008,Punjab,Jalandhar,Industrial Area,2008.0,Winter,13.12,31.94,163.55,,
11009,Punjab,Jalandhar,Industrial Area,2009.0,Autumn,12.96,32.2,141.8,,
11010,Punjab,Jalandhar,Industrial Area,2009.0,Spring,13.93,32.08,146.42,,
11011,Punjab,Jalandhar,Industrial Area,2009.0,Summer,13.38,32.43,135.5,,
11012,Punjab,Jalandhar,Industrial Area,2009.0,Winter,12.63,32.31,137.62,,
11013,Punjab,Jalandhar,Residential and others,2005.0,Autumn,10.67,29.88,173.43,,
11014,Punjab,Jalandhar,Residential and others,2005.0,Spring,11.05,31.0,178.96,,
11015,Punjab,Jalandhar,Residential and others,2005.0,Summer,10.76,29.96,162.69,,
11016,Punjab,Jalandhar,Residential and others,2005.0,Winter,11.25,30.06,180.98,,
11017,Punjab,Jalandhar,Residential and others,2006.0,Autumn,10.52,28.1,154.68,345.0,
11018,Punjab,Jalandhar,Residential and others,2006.0,Spring,10.82,29.52,171.85,,
11019,Punjab,Jalandhar,Residential and others,2006.0,Summer,10.7,28.13,154.28,,
11020,Punjab,Jalandhar,Residential and others,2006.0,Winter,10.69,27.79,157.16,,
11021,Punjab,Jalandhar,Residential and others,2007.0,Autumn,11.22,27.79,153.07,,
11022,Punjab,Jalandhar,Residential and others,2007.0,Spring,11.67,28.81,158.56,,
11023,Punjab,Jalandhar,Residential and others,2007.0,Summer,11.32,28.33,154.65,171.0,
11024,Punjab,Jalandhar,Residential and others,2007.0,Winter,11.22,28.8,154.96,,
11025,Punjab,Jalandhar,Residential and others,2008.0,Autumn,11.54,28.94,130.03,,
11026,Punjab,Jalandhar,Residential and others,2008.0,Spring,11.04,28.12,139.65,,
11027,Punjab,Jalandhar,Residential and others,2008.0,Summer,10.87,27.39,124.63,135.0,
11028,Punjab,Jalandhar,Residential and others,2008.0,Winter,11.27,26.82,143.92,,
11029,Punjab,Jalandhar,Residential and others,2009.0,Autumn,11.49,28.99,154.0,,
11030,Punjab,Jalandhar,Residential and others,2009.0,Spring,11.55,29.02,143.35,,
11031,Punjab,Jalandhar,Residential and others,2009.0,Summer,11.79,27.87,128.91,,
11032,Punjab,Jalandhar,Residential and others,2009.0,Winter,11.5,27.35,138.02,,
11033,Punjab,Jalandhar,"Residential, Rural and other Areas",2004.0,Autumn,8.44,24.67,159.54,,
11034,Punjab,Jalandhar,"Residential, Rural and other Areas",2004.0,Spring,9.47,25.74,210.55,,
11035,Punjab,Jalandhar,"Residential, Rural and other Areas",2004.0,Summer,7.52,20.73,141.02,,
11036,Punjab,Jalandhar,"Residential, Rural and other Areas",2004.0,Winter,7.71,22.71,165.25,,
11037,Punjab,Jalandhar,"Residential, Rural and other Areas",2010.0,Autumn,10.33,29.67,147.33,,
11038,Punjab,Jalandhar,"Residential, Rural and other Areas",2010.0,Spring,11.14,29.86,144.0,,
11039,Punjab,Jalandhar,"Residential, Rural and other Areas",2010.0,Summer,11.5,22.5,145.0,,
11040,Punjab,Jalandhar,"Residential, Rural and other Areas",2010.0,Winter,10.92,30.25,143.33,,
11041,Punjab,Jalandhar,"Residential, Rural and other Areas",2011.0,Autumn,11.45,24.07,114.5,,
11042,Punjab,Jalandhar,"Residential, Rural and other Areas",2011.0,Spring,11.93,22.94,111.95,,
11043,Punjab,Jalandhar,"Residential, Rural and other Areas",2011.0,Summer,10.21,23.7,114.67,,
11044,Punjab,Jalandhar,"Residential, Rural and other Areas",2011.0,Winter,10.83,21.72,119.17,,
11045,Punjab,Jalandhar,"Residential, Rural and other Areas",2012.0,Autumn,13.04,25.48,136.96,,
11046,Punjab,Jalandhar,"Residential, Rural and other Areas",2012.0,Spring,13.05,26.14,134.92,,
11047,Punjab,Jalandhar,"Residential, Rural and other Areas",2012.0,Summer,12.42,24.58,123.58,,
11048,Punjab,Jalandhar,"Residential, Rural and other Areas",2012.0,Winter,13.12,26.2,137.8,,
11049,Punjab,Jalandhar,"Residential, Rural and other Areas",2013.0,Autumn,13.55,25.01,154.9,,
11050,Punjab,Jalandhar,"Residential, Rural and other Areas",2013.0,Spring,13.48,25.77,162.8,,
11051,Punjab,Jalandhar,"Residential, Rural and other Areas",2013.0,Summer,12.94,24.48,147.75,,
11052,Punjab,Jalandhar,"Residential, Rural and other Areas",2013.0,Winter,13.07,25.93,157.5,,
11053,Punjab,Jalandhar,"Residential, Rural and other Areas",2014.0,Autumn,13.25,24.3,132.82,,
11054,Punjab,Jalandhar,"Residential, Rural and other Areas",2014.0,Spring,13.27,25.48,142.33,,
11055,Punjab,Jalandhar,"Residential, Rural and other Areas",2014.0,Summer,12.89,24.15,138.18,,
11056,Punjab,Jalandhar,"Residential, Rural and other Areas",2014.0,Winter,13.67,25.48,140.98,,
11057,Punjab,Jalandhar,"Residential, Rural and other Areas",2015.0,Spring,13.75,26.46,148.54,,
11058,Punjab,Jalandhar,"Residential, Rural and other Areas",2015.0,Summer,12.45,24.27,133.55,,
11059,Punjab,Jalandhar,"Residential, Rural and other Areas",2015.0,Winter,13.77,25.14,137.79,,
11170,Punjab,Ludhiana,Industrial Area,2001.0,Autumn,11.15,31.38,,,
11171,Punjab,Ludhiana,Industrial Area,2001.0,Spring,12.23,31.53,,,
11172,Punjab,Ludhiana,Industrial Area,2001.0,Summer,11.18,29.98,,,
11173,Punjab,Ludhiana,Industrial Area,2001.0,Winter,13.23,31.6,,,
11174,Punjab,Ludhiana,Industrial Area,2002.0,Autumn,10.55,33.02,,135.33,
11175,Punjab,Ludhiana,Industrial Area,2002.0,Spring,12.33,31.6,,184.33,
11176,Punjab,Ludhiana,Industrial Area,2002.0,Summer,11.47,30.87,,151.33,
11177,Punjab,Ludhiana,Industrial Area,2002.0,Winter,12.92,32.62,,170.0,
11178,Punjab,Ludhiana,Industrial Area,2003.0,Autumn,11.39,34.68,243.22,,
11179,Punjab,Ludhiana,Industrial Area,2003.0,Spring,10.83,32.49,244.57,,
11180,Punjab,Ludhiana,Industrial Area,2003.0,Summer,10.89,32.82,237.23,,
11181,Punjab,Ludhiana,Industrial Area,2003.0,Winter,11.35,34.12,243.71,,
11182,Punjab,Ludhiana,Industrial Area,2004.0,Autumn,18.79,32.52,228.75,,
11183,Punjab,Ludhiana,Industrial Area,2004.0,Spring,15.21,29.88,182.91,,
11184,Punjab,Ludhiana,Industrial Area,2004.0,Summer,15.91,32.41,227.09,,
11185,Punjab,Ludhiana,Industrial Area,2004.0,Winter,16.31,35.2,184.89,,
11186,Punjab,Ludhiana,Industrial Area,2010.0,Autumn,10.25,31.56,236.13,,
11187,Punjab,Ludhiana,Industrial Area,2010.0,Spring,10.48,37.86,249.62,,
11188,Punjab,Ludhiana,Industrial Area,2010.0,Summer,9.23,30.12,214.05,,
11189,Punjab,Ludhiana,Industrial Area,2010.0,Winter,8.21,30.95,237.57,,
11190,Punjab,Ludhiana,Industrial Area,2011.0,Autumn,10.71,29.6,243.48,,
11191,Punjab,Ludhiana,Industrial Area,2011.0,Spring,10.79,28.58,243.82,,
11192,Punjab,Ludhiana,Industrial Area,2011.0,Summer,10.02,26.79,234.31,,
11193,Punjab,Ludhiana,Industrial Area,2011.0,Winter,10.07,26.73,238.52,,
11194,Punjab,Ludhiana,Industrial Area,2012.0,Autumn,11.5,26.45,216.11,,
11195,Punjab,Ludhiana,Industrial Area,2012.0,Spring,10.69,26.56,296.99,,
11196,Punjab,Ludhiana,Industrial Area,2012.0,Summer,9.15,22.34,194.12,,
11197,Punjab,Ludhiana,Industrial Area,2012.0,Winter,10.02,23.91,238.22,,
11198,Punjab,Ludhiana,Industrial Area,2013.0,Autumn,11.68,25.5,222.76,,
11199,Punjab,Ludhiana,Industrial Area,2013.0,Spring,11.16,27.0,199.11,,
11200,Punjab,Ludhiana,Industrial Area,2013.0,Summer,11.17,24.77,203.06,,
11201,Punjab,Ludhiana,Industrial Area,2013.0,Winter,11.48,26.89,213.16,,
11202,Punjab,Ludhiana,Industrial Area,2014.0,Autumn,10.85,27.16,128.63,,
11203,Punjab,Ludhiana,Industrial Area,2014.0,Spring,9.68,24.6,113.62,,
11204,Punjab,Ludhiana,Industrial Area,2014.0,Summer,10.13,25.07,128.69,,
11205,Punjab,Ludhiana,Industrial Area,2014.0,Winter,10.52,25.97,152.63,,
11206,Punjab,Ludhiana,Industrial Area,2015.0,Autumn,13.41,26.17,145.77,,
11207,Punjab,Ludhiana,Industrial Area,2015.0,Spring,11.04,28.69,135.94,,
11208,Punjab,Ludhiana,Industrial Area,2015.0,Summer,9.81,24.07,113.93,,
11209,Punjab,Ludhiana,Industrial Area,2015.0,Winter,13.22,28.99,161.77,,
11210,Punjab,Ludhiana,Industrial Area,2005.0,Autumn,22.65,40.71,251.02,,
11211,Punjab,Ludhiana,Industrial Area,2005.0,Spring,19.84,34.08,223.87,,
11212,Punjab,Ludhiana,Industrial Area,2005.0,Summer,20.54,34.52,236.29,,
11213,Punjab,Ludhiana,Industrial Area,2005.0,Winter,18.95,32.69,222.6,,
11214,Punjab,Ludhiana,Industrial Area,2006.0,Autumn,16.99,37.98,238.55,,
11215,Punjab,Ludhiana,Industrial Area,2006.0,Spring,15.39,35.31,256.74,,
11216,Punjab,Ludhiana,Industrial Area,2006.0,Summer,15.23,35.78,243.02,,
11217,Punjab,Ludhiana,Industrial Area,2006.0,Winter,15.6,36.67,235.0,,
11218,Punjab,Ludhiana,Industrial Area,2007.0,Autumn,10.34,40.0,225.54,,
11219,Punjab,Ludhiana,Industrial Area,2007.0,Spring,10.06,35.5,217.67,,
11220,Punjab,Ludhiana,Industrial Area,2007.0,Summer,9.7,38.01,221.38,,
11221,Punjab,Ludhiana,Industrial Area,2007.0,Winter,11.15,36.39,224.4,,
11222,Punjab,Ludhiana,Industrial Area,2008.0,Autumn,10.34,40.98,272.35,,
11223,Punjab,Ludhiana,Industrial Area,2008.0,Spring,10.5,42.91,330.38,,
11224,Punjab,Ludhiana,Industrial Area,2008.0,Summer,10.18,39.58,274.06,,
11225,Punjab,Ludhiana,Industrial Area,2008.0,Winter,10.06,38.03,269.48,,
11226,Punjab,Ludhiana,Industrial Area,2009.0,Autumn,7.95,35.77,245.61,,
11227,Punjab,Ludhiana,Industrial Area,2009.0,Spring,8.99,38.22,257.54,,
11228,Punjab,Ludhiana,Industrial Area,2009.0,Summer,8.36,35.57,256.39,,
11229,Punjab,Ludhiana,Industrial Area,2009.0,Winter,8.6,37.84,260.36,,
11234,Punjab,Ludhiana,Residential and others,2005.0,Autumn,24.07,45.31,248.02,,
11235,Punjab,Ludhiana,Residential and others,2005.0,Spring,22.24,46.48,230.12,,
11236,Punjab,Ludhiana,Residential and others,2005.0,Summer,21.46,43.58,246.25,,
11237,Punjab,Ludhiana,Residential and others,2005.0,Winter,19.69,36.44,220.15,,
11238,Punjab,Ludhiana,Residential and others,2006.0,Autumn,17.34,41.74,268.36,,
11239,Punjab,Ludhiana,Residential and others,2006.0,Spring,15.79,36.25,302.68,,
11240,Punjab,Ludhiana,Residential and others,2006.0,Summer,15.98,37.75,281.36,,
11241,Punjab,Ludhiana,Residential and others,2006.0,Winter,14.73,36.27,228.46,,
11242,Punjab,Ludhiana,Residential and others,2007.0,Autumn,9.09,38.94,206.91,,
11243,Punjab,Ludhiana,Residential and others,2007.0,Spring,8.99,33.42,199.79,,
11244,Punjab,Ludhiana,Residential and others,2007.0,Summer,8.87,36.62,197.37,,
11245,Punjab,Ludhiana,Residential and others,2007.0,Winter,10.22,34.57,194.4,,
11246,Punjab,Ludhiana,Residential and others,2008.0,Autumn,9.93,39.86,248.15,,
11247,Punjab,Ludhiana,Residential and others,2008.0,Spring,9.52,40.1,264.7,,
11248,Punjab,Ludhiana,Residential and others,2008.0,Summer,9.77,38.5,245.22,,
11249,Punjab,Ludhiana,Residential and others,2008.0,Winter,9.43,36.24,235.78,,
11250,Punjab,Ludhiana,Residential and others,2009.0,Autumn,8.13,36.6,246.0,,
11251,Punjab,Ludhiana,Residential and others,2009.0,Spring,9.86,39.65,255.21,,
11252,Punjab,Ludhiana,Residential and others,2009.0,Summer,8.9,35.46,250.47,194.0,
11253,Punjab,Ludhiana,Residential and others,2009.0,Winter,9.4,39.3,253.4,,
11289,Punjab,Ludhiana,"Residential, Rural and other Areas",2001.0,Autumn,12.07,33.03,,,
11290,Punjab,Ludhiana,"Residential, Rural and other Areas",2001.0,Spring,12.33,31.7,,,
11291,Punjab,Ludhiana,"Residential, Rural and other Areas",2001.0,Summer,11.9,32.3,,,
11292,Punjab,Ludhiana,"Residential, Rural and other Areas",2001.0,Winter,12.9,31.73,,,
11293,Punjab,Ludhiana,"Residential, Rural and other Areas",2002.0,Autumn,13.17,38.63,,207.67,
11294,Punjab,Ludhiana,"Residential, Rural and other Areas",2002.0,Winter,11.5,29.6,,100.0,
11295,Punjab,Ludhiana,"Residential, Rural and other Areas",2003.0,Autumn,13.84,45.92,273.68,,
11296,Punjab,Ludhiana,"Residential, Rural and other Areas",2003.0,Spring,10.53,35.93,191.77,,
11297,Punjab,Ludhiana,"Residential, Rural and other Areas",2003.0,Summer,11.85,36.9,208.95,,
11298,Punjab,Ludhiana,"Residential, Rural and other Areas",2003.0,Winter,13.46,41.11,201.71,,
11299,Punjab,Ludhiana,"Residential, Rural and other Areas",2004.0,Autumn,26.48,60.16,375.32,,
11300,Punjab,Ludhiana,"Residential, Rural and other Areas",2004.0,Spring,23.97,65.71,325.05,,
11301,Punjab,Ludhiana,"Residential, Rural and other Areas",2004.0,Summer,20.55,55.55,300.45,,
11302,Punjab,Ludhiana,"Residential, Rural and other Areas",2004.0,Winter,24.06,60.26,278.8,,
11303,Punjab,Ludhiana,"Residential, Rural and other Areas",2010.0,Autumn,9.63,29.96,202.57,,
11304,Punjab,Ludhiana,"Residential, Rural and other Areas",2010.0,Spring,10.22,39.3,244.0,,
11305,Punjab,Ludhiana,"Residential, Rural and other Areas",2010.0,Summer,8.83,28.47,206.83,,
11306,Punjab,Ludhiana,"Residential, Rural and other Areas",2010.0,Winter,8.65,32.0,232.16,,
11307,Punjab,Ludhiana,"Residential, Rural and other Areas",2011.0,Autumn,10.76,29.13,207.46,,
11308,Punjab,Ludhiana,"Residential, Rural and other Areas",2011.0,Spring,10.84,29.38,208.09,,
11309,Punjab,Ludhiana,"Residential, Rural and other Areas",2011.0,Summer,10.47,27.7,196.02,,
11310,Punjab,Ludhiana,"Residential, Rural and other Areas",2011.0,Winter,10.21,28.47,199.66,,
11311,Punjab,Ludhiana,"Residential, Rural and other Areas",2012.0,Autumn,11.44,30.6,231.96,,
11312,Punjab,Ludhiana,"Residential, Rural and other Areas",2012.0,Spring,10.88,29.17,229.3,,
11313,Punjab,Ludhiana,"Residential, Rural and other Areas",2012.0,Summer,10.76,28.95,201.11,,
11314,Punjab,Ludhiana,"Residential, Rural and other Areas",2012.0,Winter,10.41,28.89,229.06,,
11315,Punjab,Ludhiana,"Residential, Rural and other Areas",2013.0,Autumn,11.37,26.69,212.51,,
11316,Punjab,Ludhiana,"Residential, Rural and other Areas",2013.0,Spring,10.33,26.66,203.78,,
11317,Punjab,Ludhiana,"Residential, Rural and other Areas",2013.0,Summer,10.54,25.32,180.16,,
11318,Punjab,Ludhiana,"Residential, Rural and other Areas",2013.0,Winter,11.26,27.52,194.11,,
11319,Punjab,Ludhiana,"Residential, Rural and other Areas",2014.0,Autumn,10.67,27.57,163.52,,
11320,Punjab,Ludhiana,"Residential, Rural and other Areas",2014.0,Spring,10.12,26.1,156.47,,
11321,Punjab,Ludhiana,"Residential, Rural and other Areas",2014.0,Summer,10.02,25.66,155.95,,
11322,Punjab,Ludhiana,"Residential, Rural and other Areas",2014.0,Winter,10.58,26.87,177.89,,
11323,Punjab,Ludhiana,"Residential, Rural and other Areas",2015.0,Autumn,11.31,28.53,180.34,,
11324,Punjab,Ludhiana,"Residential, Rural and other Areas",2015.0,Spring,9.87,27.77,126.1,,
11325,Punjab,Ludhiana,"Residential, Rural and other Areas",2015.0,Summer,9.7,24.66,110.77,,
11326,Punjab,Ludhiana,"Residential, Rural and other Areas",2015.0,Winter,10.38,27.62,142.18,,
11371,Punjab,Patiala,Industrial Area,2010.0,Autumn,8.26,21.52,137.74,195.43,
11372,Punjab,Patiala,Industrial Area,2010.0,Spring,5.71,19.19,136.08,215.74,
11373,Punjab,Patiala,Industrial Area,2010.0,Summer,6.68,18.47,152.0,197.67,
11374,Punjab,Patiala,Industrial Area,2010.0,Winter,7.0,19.0,135.33,190.61,
11375,Punjab,Patiala,Industrial Area,2011.0,Autumn,8.85,22.48,98.83,,
11376,Punjab,Patiala,Industrial Area,2011.0,Spring,7.06,19.13,104.28,,
11377,Punjab,Patiala,Industrial Area,2011.0,Summer,7.7,17.91,92.68,,
11378,Punjab,Patiala,Industrial Area,2011.0,Winter,7.72,21.69,92.77,,
11379,Punjab,Patiala,Industrial Area,2012.0,Autumn,6.9,18.0,91.7,,
11380,Punjab,Patiala,Industrial Area,2012.0,Spring,7.44,20.59,99.04,,
11381,Punjab,Patiala,Industrial Area,2012.0,Summer,7.5,18.81,82.96,,
11382,Punjab,Patiala,Industrial Area,2012.0,Winter,6.82,19.86,95.82,,
11383,Punjab,Patiala,Industrial Area,2013.0,Autumn,6.28,18.81,124.64,,
11384,Punjab,Patiala,Industrial Area,2013.0,Spring,6.67,19.07,109.53,,
11385,Punjab,Patiala,Industrial Area,2013.0,Summer,5.26,15.76,100.42,,
11386,Punjab,Patiala,Industrial Area,2013.0,Winter,6.81,17.81,95.62,,
11387,Punjab,Patiala,Industrial Area,2014.0,Autumn,4.88,14.6,108.36,,
11388,Punjab,Patiala,Industrial Area,2014.0,Spring,5.76,14.79,104.76,,
11389,Punjab,Patiala,Industrial Area,2014.0,Summer,4.8,12.55,95.35,,
11390,Punjab,Patiala,Industrial Area,2014.0,Winter,5.45,14.59,103.9,,
11391,Punjab,Patiala,Industrial Area,2015.0,Autumn,5.3,15.07,112.27,,
11392,Punjab,Patiala,Industrial Area,2015.0,Spring,5.39,14.94,109.3,,
11393,Punjab,Patiala,Industrial Area,2015.0,Summer,5.19,13.59,107.65,,
11394,Punjab,Patiala,Industrial Area,2015.0,Winter,4.97,14.48,106.85,,
11395,Punjab,Patiala,"Residential, Rural and other Areas",2010.0,Autumn,6.71,19.68,141.85,198.4,
11396,Punjab,Patiala,"Residential, Rural and other Areas",2010.0,Spring,5.82,20.88,133.58,201.91,
11397,Punjab,Patiala,"Residential, Rural and other Areas",2010.0,Summer,6.42,19.71,152.2,189.33,
11398,Punjab,Patiala,"Residential, Rural and other Areas",2010.0,Winter,6.53,20.37,136.69,185.06,
11399,Punjab,Patiala,"Residential, Rural and other Areas",2011.0,Autumn,7.16,17.48,96.26,,
11400,Punjab,Patiala,"Residential, Rural and other Areas",2011.0,Spring,7.41,18.96,100.71,,
11401,Punjab,Patiala,"Residential, Rural and other Areas",2011.0,Summer,7.54,19.7,95.19,,
11402,Punjab,Patiala,"Residential, Rural and other Areas",2011.0,Winter,7.42,16.74,91.48,,
11403,Punjab,Patiala,"Residential, Rural and other Areas",2012.0,Autumn,7.07,22.93,102.55,,
11404,Punjab,Patiala,"Residential, Rural and other Areas",2012.0,Spring,8.13,23.0,106.96,,
11405,Punjab,Patiala,"Residential, Rural and other Areas",2012.0,Summer,7.82,22.91,97.96,,
11406,Punjab,Patiala,"Residential, Rural and other Areas",2012.0,Winter,7.07,20.29,108.92,,
11407,Punjab,Patiala,"Residential, Rural and other Areas",2013.0,Autumn,6.96,18.9,125.31,,
11408,Punjab,Patiala,"Residential, Rural and other Areas",2013.0,Spring,6.22,16.88,102.75,,
11409,Punjab,Patiala,"Residential, Rural and other Areas",2013.0,Summer,5.42,16.56,97.41,,
11410,Punjab,Patiala,"Residential, Rural and other Areas",2013.0,Winter,7.54,19.31,110.52,,
11411,Punjab,Patiala,"Residential, Rural and other Areas",2014.0,Autumn,5.07,14.42,113.26,,
11412,Punjab,Patiala,"Residential, Rural and other Areas",2014.0,Spring,6.0,13.94,107.39,,
11413,Punjab,Patiala,"Residential, Rural and other Areas",2014.0,Summer,4.96,13.21,95.72,,
11414,Punjab,Patiala,"Residential, Rural and other Areas",2014.0,Winter,5.39,14.35,102.74,,
11415,Punjab,Patiala,"Residential, Rural and other Areas",2015.0,Autumn,5.46,14.89,118.93,,
11416,Punjab,Patiala,"Residential, Rural and other Areas",2015.0,Spring,5.26,14.89,109.63,,
11417,Punjab,Patiala,"Residential, Rural and other Areas",2015.0,Summer,5.13,14.13,105.87,,
11418,Punjab,Patiala,"Residential, Rural and other Areas",2015.0,Winter,4.91,14.56,110.97,,
11423,Rajasthan,Alwar,Industrial Area,2004.0,Autumn,6.65,9.46,110.81,205.04,
11424,Rajasthan,Alwar,Industrial Area,2004.0,Spring,6.72,12.55,129.11,207.15,
11425,Rajasthan,Alwar,Industrial Area,2004.0,Summer,6.65,11.62,107.3,171.57,
11426,Rajasthan,Alwar,Industrial Area,2004.0,Winter,6.53,11.63,124.79,214.3,
11427,Rajasthan,Alwar,Industrial Area,2010.0,Autumn,10.21,25.76,229.1,441.68,
11428,Rajasthan,Alwar,Industrial Area,2010.0,Spring,8.0,25.31,291.48,518.31,
11429,Rajasthan,Alwar,Industrial Area,2010.0,Summer,8.54,23.05,160.69,243.76,
11430,Rajasthan,Alwar,Industrial Area,2010.0,Winter,7.32,19.0,264.96,394.24,
11431,Rajasthan,Alwar,Industrial Area,2011.0,Autumn,12.42,20.21,211.5,,
11432,Rajasthan,Alwar,Industrial Area,2011.0,Spring,12.87,22.52,237.17,,
11433,Rajasthan,Alwar,Industrial Area,2011.0,Summer,12.22,23.09,193.91,,
11434,Rajasthan,Alwar,Industrial Area,2011.0,Winter,12.91,22.69,262.84,,
11435,Rajasthan,Alwar,Industrial Area,2012.0,Autumn,10.79,23.59,152.58,,
11436,Rajasthan,Alwar,Industrial Area,2012.0,Spring,10.86,22.53,177.24,,
11437,Rajasthan,Alwar,Industrial Area,2012.0,Summer,12.16,23.32,128.54,,
11438,Rajasthan,Alwar,Industrial Area,2012.0,Winter,12.11,23.06,153.51,,
11439,Rajasthan,Alwar,Industrial Area,2013.0,Autumn,11.86,23.2,278.49,,
11440,Rajasthan,Alwar,Industrial Area,2013.0,Spring,11.82,21.22,322.45,,
11441,Rajasthan,Alwar,Industrial Area,2013.0,Summer,11.78,22.41,231.87,,
11442,Rajasthan,Alwar,Industrial Area,2013.0,Winter,11.41,22.75,253.9,,
11443,Rajasthan,Alwar,Industrial Area,2014.0,Autumn,12.16,23.79,270.12,,
11444,Rajasthan,Alwar,Industrial Area,2014.0,Spring,11.97,23.94,234.96,,
11445,Rajasthan,Alwar,Industrial Area,2014.0,Summer,11.99,24.25,226.29,,
11446,Rajasthan,Alwar,Industrial Area,2014.0,Winter,12.44,23.75,262.89,,
11447,Rajasthan,Alwar,Industrial Area,2015.0,Autumn,7.35,31.22,176.81,,
11448,Rajasthan,Alwar,Industrial Area,2015.0,Spring,11.9,20.82,216.14,,
11449,Rajasthan,Alwar,Industrial Area,2015.0,Summer,9.78,26.9,124.42,,
11450,Rajasthan,Alwar,Industrial Area,2015.0,Winter,11.1,24.3,218.46,,
11451,Rajasthan,Alwar,Industrial Area,2005.0,Autumn,7.78,9.9,90.5,166.81,
11452,Rajasthan,Alwar,Industrial Area,2005.0,Spring,7.35,7.81,106.98,177.22,
11453,Rajasthan,Alwar,Industrial Area,2005.0,Summer,7.67,9.78,92.43,151.81,
11454,Rajasthan,Alwar,Industrial Area,2005.0,Winter,6.99,8.29,98.29,164.74,
11455,Rajasthan,Alwar,Industrial Area,2006.0,Autumn,6.36,15.37,94.25,209.0,
11456,Rajasthan,Alwar,Industrial Area,2006.0,Spring,6.82,15.4,122.64,214.25,
11457,Rajasthan,Alwar,Industrial Area,2006.0,Summer,5.99,16.03,106.24,191.49,
11458,Rajasthan,Alwar,Industrial Area,2006.0,Winter,7.33,16.62,127.58,229.2,
11459,Rajasthan,Alwar,Industrial Area,2007.0,Autumn,8.99,27.67,122.73,214.53,
11460,Rajasthan,Alwar,Industrial Area,2007.0,Spring,6.98,16.52,112.17,206.05,
11461,Rajasthan,Alwar,Industrial Area,2007.0,Summer,7.25,16.11,89.46,168.35,
11462,Rajasthan,Alwar,Industrial Area,2007.0,Winter,8.66,27.48,125.62,235.42,
11463,Rajasthan,Alwar,Industrial Area,2008.0,Autumn,8.36,27.76,114.91,223.84,
11464,Rajasthan,Alwar,Industrial Area,2008.0,Spring,6.86,33.48,140.85,259.75,
11465,Rajasthan,Alwar,Industrial Area,2008.0,Summer,7.3,28.01,124.15,211.98,
11466,Rajasthan,Alwar,Industrial Area,2008.0,Winter,8.46,31.43,155.33,262.62,
11467,Rajasthan,Alwar,Industrial Area,2009.0,Autumn,7.86,20.08,168.3,275.94,
11468,Rajasthan,Alwar,Industrial Area,2009.0,Spring,8.41,27.63,137.51,285.82,
11469,Rajasthan,Alwar,Industrial Area,2009.0,Summer,8.33,22.65,106.16,219.04,
11470,Rajasthan,Alwar,Industrial Area,2009.0,Winter,7.74,21.98,180.67,293.86,
11471,Rajasthan,Alwar,Residential and others,2005.0,Autumn,8.21,11.51,180.19,326.86,
11472,Rajasthan,Alwar,Residential and others,2005.0,Spring,7.55,11.38,161.78,293.35,
11473,Rajasthan,Alwar,Residential and others,2005.0,Summer,7.85,11.91,141.95,246.1,
11474,Rajasthan,Alwar,Residential and others,2005.0,Winter,8.79,13.12,198.64,327.0,
11475,Rajasthan,Alwar,Residential and others,2006.0,Autumn,6.31,16.66,141.96,295.46,
11476,Rajasthan,Alwar,Residential and others,2006.0,Spring,6.53,14.74,133.16,247.37,
11477,Rajasthan,Alwar,Residential and others,2006.0,Summer,5.9,15.71,113.45,210.36,
11478,Rajasthan,Alwar,Residential and others,2006.0,Winter,7.72,16.04,199.41,343.94,
11479,Rajasthan,Alwar,Residential and others,2007.0,Autumn,7.67,31.27,157.78,306.17,
11480,Rajasthan,Alwar,Residential and others,2007.0,Spring,7.65,19.74,134.67,316.17,
11481,Rajasthan,Alwar,Residential and others,2007.0,Summer,6.94,18.19,80.7,200.48,
11482,Rajasthan,Alwar,Residential and others,2007.0,Winter,8.21,27.59,148.46,278.42,
11483,Rajasthan,Alwar,Residential and others,2008.0,Autumn,7.83,27.44,149.41,303.11,
11484,Rajasthan,Alwar,Residential and others,2008.0,Spring,7.54,37.05,170.22,322.89,
11485,Rajasthan,Alwar,Residential and others,2008.0,Summer,7.5,28.79,138.07,265.07,
11486,Rajasthan,Alwar,Residential and others,2008.0,Winter,8.94,32.54,193.83,339.52,
11487,Rajasthan,Alwar,Residential and others,2009.0,Autumn,7.39,20.88,199.46,376.77,
11488,Rajasthan,Alwar,Residential and others,2009.0,Spring,8.14,26.42,163.81,331.93,
11489,Rajasthan,Alwar,Residential and others,2009.0,Summer,8.23,22.57,110.04,240.84,
11490,Rajasthan,Alwar,Residential and others,2009.0,Winter,8.59,22.34,174.32,343.44,
11491,Rajasthan,Alwar,"Residential, Rural and other Areas",2004.0,Autumn,6.0,8.36,199.36,390.55,
11492,Rajasthan,Alwar,"Residential, Rural and other Areas",2004.0,Spring,6.0,13.14,189.36,347.18,
11493,Rajasthan,Alwar,"Residential, Rural and other Areas",2004.0,Summer,6.72,11.83,137.28,273.67,
11494,Rajasthan,Alwar,"Residential, Rural and other Areas",2004.0,Winter,6.48,13.17,190.22,335.87,
11495,Rajasthan,Alwar,"Residential, Rural and other Areas",2010.0,Autumn,7.61,28.28,194.78,413.06,
11496,Rajasthan,Alwar,"Residential, Rural and other Areas",2010.0,Spring,6.62,28.08,240.54,515.38,
11497,Rajasthan,Alwar,"Residential, Rural and other Areas",2010.0,Summer,6.25,24.0,131.68,277.79,
11498,Rajasthan,Alwar,"Residential, Rural and other Areas",2010.0,Winter,6.84,21.95,220.53,366.53,
11499,Rajasthan,Alwar,"Residential, Rural and other Areas",2011.0,Autumn,11.17,20.67,206.08,,
11500,Rajasthan,Alwar,"Residential, Rural and other Areas",2011.0,Spring,14.0,24.26,156.22,,
11501,Rajasthan,Alwar,"Residential, Rural and other Areas",2011.0,Summer,9.38,20.46,135.54,,
11502,Rajasthan,Alwar,"Residential, Rural and other Areas",2011.0,Winter,9.48,19.81,201.57,,
11503,Rajasthan,Alwar,"Residential, Rural and other Areas",2012.0,Autumn,8.0,20.84,145.0,,
11504,Rajasthan,Alwar,"Residential, Rural and other Areas",2012.0,Spring,10.44,21.72,184.12,,
11505,Rajasthan,Alwar,"Residential, Rural and other Areas",2012.0,Summer,8.33,21.54,92.54,,
11506,Rajasthan,Alwar,"Residential, Rural and other Areas",2012.0,Winter,7.31,19.96,161.88,,
11507,Rajasthan,Alwar,"Residential, Rural and other Areas",2013.0,Autumn,7.69,18.96,289.07,,
11508,Rajasthan,Alwar,"Residential, Rural and other Areas",2013.0,Spring,6.58,18.81,280.63,,
11509,Rajasthan,Alwar,"Residential, Rural and other Areas",2013.0,Summer,7.42,19.5,215.29,,
11510,Rajasthan,Alwar,"Residential, Rural and other Areas",2013.0,Winter,7.0,19.8,230.2,,
11511,Rajasthan,Alwar,"Residential, Rural and other Areas",2014.0,Autumn,8.37,20.85,243.26,,
11512,Rajasthan,Alwar,"Residential, Rural and other Areas",2014.0,Spring,8.27,20.35,177.04,,
11513,Rajasthan,Alwar,"Residential, Rural and other Areas",2014.0,Summer,8.59,20.56,210.07,,
11514,Rajasthan,Alwar,"Residential, Rural and other Areas",2014.0,Winter,8.83,19.38,261.17,,
11515,Rajasthan,Alwar,"Residential, Rural and other Areas",2015.0,Autumn,7.15,29.73,165.27,,
11516,Rajasthan,Alwar,"Residential, Rural and other Areas",2015.0,Spring,11.48,21.44,210.85,,
11517,Rajasthan,Alwar,"Residential, Rural and other Areas",2015.0,Summer,9.7,27.04,103.67,,
11518,Rajasthan,Alwar,"Residential, Rural and other Areas",2015.0,Winter,9.16,21.56,203.32,,
11576,Rajasthan,Jaipur,Industrial Area,2001.0,Autumn,13.22,34.0,,285.67,
11577,Rajasthan,Jaipur,Industrial Area,2001.0,Spring,14.17,32.38,,371.33,
11578,Rajasthan,Jaipur,Industrial Area,2001.0,Summer,11.1,28.98,,186.0,
11579,Rajasthan,Jaipur,Industrial Area,2001.0,Winter,19.95,38.78,,353.5,
11580,Rajasthan,Jaipur,Industrial Area,2002.0,Autumn,14.62,36.08,,152.67,
11581,Rajasthan,Jaipur,Industrial Area,2002.0,Spring,13.25,35.93,,184.5,
11582,Rajasthan,Jaipur,Industrial Area,2002.0,Summer,18.64,33.6,,94.8,
11583,Rajasthan,Jaipur,Industrial Area,2002.0,Winter,14.18,38.72,,170.5,
11584,Rajasthan,Jaipur,Industrial Area,2003.0,Autumn,10.59,12.22,,261.48,
11585,Rajasthan,Jaipur,Industrial Area,2003.0,Spring,10.32,14.0,,467.59,
11586,Rajasthan,Jaipur,Industrial Area,2003.0,Summer,12.62,14.83,,253.5,
11587,Rajasthan,Jaipur,Industrial Area,2003.0,Winter,8.78,19.04,,282.26,
11588,Rajasthan,Jaipur,Industrial Area,2004.0,Autumn,10.41,35.3,142.04,291.48,
11589,Rajasthan,Jaipur,Industrial Area,2004.0,Spring,9.73,33.88,146.96,380.5,
11590,Rajasthan,Jaipur,Industrial Area,2004.0,Summer,10.68,31.45,131.41,270.41,
11591,Rajasthan,Jaipur,Industrial Area,2004.0,Winter,14.24,35.81,134.95,332.52,
11592,Rajasthan,Jaipur,Industrial Area,2010.0,Autumn,5.64,35.81,150.8,340.61,
11593,Rajasthan,Jaipur,Industrial Area,2010.0,Spring,6.08,40.85,246.45,583.0,
11594,Rajasthan,Jaipur,Industrial Area,2010.0,Summer,5.63,38.08,129.72,301.4,
11595,Rajasthan,Jaipur,Industrial Area,2010.0,Winter,5.78,35.99,192.44,411.54,
11596,Rajasthan,Jaipur,Industrial Area,2011.0,Autumn,6.85,36.74,139.36,,
11597,Rajasthan,Jaipur,Industrial Area,2011.0,Spring,8.59,34.22,163.59,,
11598,Rajasthan,Jaipur,Industrial Area,2011.0,Summer,5.55,32.88,119.82,,
11599,Rajasthan,Jaipur,Industrial Area,2011.0,Winter,6.66,36.3,169.18,,
11600,Rajasthan,Jaipur,Industrial Area,2012.0,Autumn,7.58,47.16,157.84,,
11601,Rajasthan,Jaipur,Industrial Area,2012.0,Spring,10.15,54.98,216.63,,
11602,Rajasthan,Jaipur,Industrial Area,2012.0,Summer,7.23,47.0,163.52,,
11603,Rajasthan,Jaipur,Industrial Area,2012.0,Winter,9.3,53.59,186.61,,
11604,Rajasthan,Jaipur,Industrial Area,2013.0,Autumn,7.19,35.96,172.33,,
11605,Rajasthan,Jaipur,Industrial Area,2013.0,Spring,7.53,39.08,226.43,,
11606,Rajasthan,Jaipur,Industrial Area,2013.0,Summer,6.4,33.37,166.6,,
11607,Rajasthan,Jaipur,Industrial Area,2013.0,Winter,8.67,46.22,201.87,,
11608,Rajasthan,Jaipur,Industrial Area,2014.0,Autumn,6.54,39.86,158.56,,
11609,Rajasthan,Jaipur,Industrial Area,2014.0,Spring,7.26,41.6,160.39,,
11610,Rajasthan,Jaipur,Industrial Area,2014.0,Summer,6.18,33.96,144.02,,
11611,Rajasthan,Jaipur,Industrial Area,2014.0,Winter,8.3,48.75,192.35,,
11612,Rajasthan,Jaipur,Industrial Area,2015.0,Autumn,6.81,32.5,199.63,,
11613,Rajasthan,Jaipur,Industrial Area,2015.0,Spring,7.14,37.84,199.6,,
11614,Rajasthan,Jaipur,Industrial Area,2015.0,Summer,6.04,25.82,107.12,,
11615,Rajasthan,Jaipur,Industrial Area,2015.0,Winter,7.98,43.94,214.81,,
11616,Rajasthan,Jaipur,Industrial Area,2005.0,Autumn,8.72,21.41,106.69,253.51,
11617,Rajasthan,Jaipur,Industrial Area,2005.0,Spring,9.33,22.19,119.14,312.95,
11618,Rajasthan,Jaipur,Industrial Area,2005.0,Summer,6.07,19.07,75.67,223.12,
11619,Rajasthan,Jaipur,Industrial Area,2005.0,Winter,8.06,26.42,136.14,286.34,
11620,Rajasthan,Jaipur,Industrial Area,2006.0,Autumn,7.57,22.46,140.02,265.83,
11621,Rajasthan,Jaipur,Industrial Area,2006.0,Spring,9.19,21.54,166.72,323.76,
11622,Rajasthan,Jaipur,Industrial Area,2006.0,Summer,6.54,21.54,191.02,321.52,
11623,Rajasthan,Jaipur,Industrial Area,2006.0,Winter,14.92,25.86,211.46,383.38,
11624,Rajasthan,Jaipur,Industrial Area,2007.0,Autumn,5.75,28.28,127.26,282.94,
11625,Rajasthan,Jaipur,Industrial Area,2007.0,Spring,7.22,24.25,152.66,345.04,
11626,Rajasthan,Jaipur,Industrial Area,2007.0,Summer,6.1,21.58,105.61,253.02,
11627,Rajasthan,Jaipur,Industrial Area,2007.0,Winter,8.26,26.83,169.88,332.56,
11628,Rajasthan,Jaipur,Industrial Area,2008.0,Autumn,6.45,38.13,154.57,302.1,
11629,Rajasthan,Jaipur,Industrial Area,2008.0,Spring,6.46,37.43,165.16,355.12,
11630,Rajasthan,Jaipur,Industrial Area,2008.0,Summer,6.17,35.77,135.96,260.81,
11631,Rajasthan,Jaipur,Industrial Area,2008.0,Winter,6.0,35.36,171.39,332.72,
11632,Rajasthan,Jaipur,Industrial Area,2009.0,Autumn,5.94,38.98,180.78,345.75,
11633,Rajasthan,Jaipur,Industrial Area,2009.0,Spring,6.17,39.12,199.12,411.59,
11634,Rajasthan,Jaipur,Industrial Area,2009.0,Summer,5.82,36.73,136.72,310.06,
11635,Rajasthan,Jaipur,Industrial Area,2009.0,Winter,5.91,38.88,181.98,343.59,
11636,Rajasthan,Jaipur,Residential and others,2005.0,Autumn,5.34,27.22,97.88,269.66,
11637,Rajasthan,Jaipur,Residential and others,2005.0,Spring,5.13,27.38,100.05,289.96,
11638,Rajasthan,Jaipur,Residential and others,2005.0,Summer,4.75,24.87,84.14,258.77,
11639,Rajasthan,Jaipur,Residential and others,2005.0,Winter,5.97,31.72,111.26,276.85,
11640,Rajasthan,Jaipur,Residential and others,2006.0,Autumn,4.14,31.56,110.79,256.18,
11641,Rajasthan,Jaipur,Residential and others,2006.0,Spring,4.33,32.31,125.33,361.32,
11642,Rajasthan,Jaipur,Residential and others,2006.0,Summer,4.34,27.89,102.17,263.23,
11643,Rajasthan,Jaipur,Residential and others,2006.0,Winter,5.05,37.06,133.58,313.62,
11644,Rajasthan,Jaipur,Residential and others,2007.0,Autumn,5.0,28.69,106.59,242.17,
11645,Rajasthan,Jaipur,Residential and others,2007.0,Spring,4.53,29.65,100.17,301.07,
11646,Rajasthan,Jaipur,Residential and others,2007.0,Summer,4.58,26.1,76.71,202.58,
11647,Rajasthan,Jaipur,Residential and others,2007.0,Winter,4.33,30.82,107.7,251.35,
11648,Rajasthan,Jaipur,Residential and others,2008.0,Autumn,5.91,33.96,112.1,271.48,
11649,Rajasthan,Jaipur,Residential and others,2008.0,Spring,5.94,33.77,124.81,316.25,
11650,Rajasthan,Jaipur,Residential and others,2008.0,Summer,5.72,32.15,90.88,239.82,
11651,Rajasthan,Jaipur,Residential and others,2008.0,Winter,5.6,32.6,117.73,287.94,
11652,Rajasthan,Jaipur,Residential and others,2009.0,Autumn,5.94,36.58,146.73,327.22,
11653,Rajasthan,Jaipur,Residential and others,2009.0,Spring,5.75,34.88,147.54,383.99,
11654,Rajasthan,Jaipur,Residential and others,2009.0,Summer,5.57,34.48,116.52,303.31,
11655,Rajasthan,Jaipur,Residential and others,2009.0,Winter,5.7,33.71,139.05,335.42,
11698,Rajasthan,Jaipur,"Residential, Rural and other Areas",2001.0,Autumn,8.42,30.64,,244.67,
11699,Rajasthan,Jaipur,"Residential, Rural and other Areas",2001.0,Spring,9.53,31.82,,378.0,
11700,Rajasthan,Jaipur,"Residential, Rural and other Areas",2001.0,Summer,7.87,27.1,,183.5,
11701,Rajasthan,Jaipur,"Residential, Rural and other Areas",2001.0,Winter,11.66,35.74,,324.62,
11702,Rajasthan,Jaipur,"Residential, Rural and other Areas",2002.0,Autumn,9.21,32.18,,148.92,
11703,Rajasthan,Jaipur,"Residential, Rural and other Areas",2002.0,Spring,8.35,34.57,,203.08,
11704,Rajasthan,Jaipur,"Residential, Rural and other Areas",2002.0,Summer,12.59,31.57,,101.3,
11705,Rajasthan,Jaipur,"Residential, Rural and other Areas",2002.0,Winter,7.89,36.33,,169.0,
11706,Rajasthan,Jaipur,"Residential, Rural and other Areas",2003.0,Autumn,10.43,10.83,,330.32,
11707,Rajasthan,Jaipur,"Residential, Rural and other Areas",2003.0,Spring,10.16,14.84,,502.02,
11708,Rajasthan,Jaipur,"Residential, Rural and other Areas",2003.0,Summer,11.56,14.46,,255.56,
11709,Rajasthan,Jaipur,"Residential, Rural and other Areas",2003.0,Winter,8.46,17.71,,375.56,
11710,Rajasthan,Jaipur,"Residential, Rural and other Areas",2004.0,Autumn,4.22,28.98,74.58,185.16,
11711,Rajasthan,Jaipur,"Residential, Rural and other Areas",2004.0,Spring,4.31,30.22,107.76,349.39,
11712,Rajasthan,Jaipur,"Residential, Rural and other Areas",2004.0,Summer,4.1,25.83,58.56,171.29,
11713,Rajasthan,Jaipur,"Residential, Rural and other Areas",2004.0,Winter,4.72,28.75,89.81,191.33,
11714,Rajasthan,Jaipur,"Residential, Rural and other Areas",2010.0,Autumn,5.51,35.89,140.54,323.43,
11715,Rajasthan,Jaipur,"Residential, Rural and other Areas",2010.0,Spring,5.92,40.22,196.25,503.11,
11716,Rajasthan,Jaipur,"Residential, Rural and other Areas",2010.0,Summer,5.62,37.09,124.06,346.64,
11717,Rajasthan,Jaipur,"Residential, Rural and other Areas",2010.0,Winter,6.01,35.66,162.76,344.2,
11718,Rajasthan,Jaipur,"Residential, Rural and other Areas",2011.0,Autumn,7.13,40.0,148.9,,
11719,Rajasthan,Jaipur,"Residential, Rural and other Areas",2011.0,Spring,7.04,35.08,151.9,,
11720,Rajasthan,Jaipur,"Residential, Rural and other Areas",2011.0,Summer,6.0,34.9,120.59,,
11721,Rajasthan,Jaipur,"Residential, Rural and other Areas",2011.0,Winter,6.9,39.91,165.09,,
11722,Rajasthan,Jaipur,"Residential, Rural and other Areas",2012.0,Autumn,7.99,48.05,175.86,,
11723,Rajasthan,Jaipur,"Residential, Rural and other Areas",2012.0,Spring,10.35,55.61,216.92,,
11724,Rajasthan,Jaipur,"Residential, Rural and other Areas",2012.0,Summer,9.91,52.3,163.61,,
11725,Rajasthan,Jaipur,"Residential, Rural and other Areas",2012.0,Winter,9.71,53.98,198.36,,
11726,Rajasthan,Jaipur,"Residential, Rural and other Areas",2013.0,Autumn,7.0,36.99,143.48,,
11727,Rajasthan,Jaipur,"Residential, Rural and other Areas",2013.0,Spring,7.53,42.79,165.17,,
11728,Rajasthan,Jaipur,"Residential, Rural and other Areas",2013.0,Summer,6.55,36.05,112.43,,
11729,Rajasthan,Jaipur,"Residential, Rural and other Areas",2013.0,Winter,8.7,47.45,152.02,,
11730,Rajasthan,Jaipur,"Residential, Rural and other Areas",2014.0,Autumn,6.81,48.98,152.56,,
11731,Rajasthan,Jaipur,"Residential, Rural and other Areas",2014.0,Spring,7.36,42.44,141.32,,
11732,Rajasthan,Jaipur,"Residential, Rural and other Areas",2014.0,Summer,6.27,34.66,136.85,,
11733,Rajasthan,Jaipur,"Residential, Rural and other Areas",2014.0,Winter,7.85,47.44,156.4,,
11734,Rajasthan,Jaipur,"Residential, Rural and other Areas",2015.0,Autumn,7.06,34.09,181.63,,
11735,Rajasthan,Jaipur,"Residential, Rural and other Areas",2015.0,Spring,7.14,39.06,173.68,,
11736,Rajasthan,Jaipur,"Residential, Rural and other Areas",2015.0,Summer,6.24,27.08,105.45,,
11737,Rajasthan,Jaipur,"Residential, Rural and other Areas",2015.0,Winter,8.14,45.67,202.54,,
11755,Rajasthan,Jodhpur,Industrial Area,2001.0,Autumn,17.0,24.83,,519.67,
11756,Rajasthan,Jodhpur,Industrial Area,2001.0,Spring,12.3,19.6,,585.0,
11757,Rajasthan,Jodhpur,Industrial Area,2001.0,Summer,11.0,21.7,,374.33,
11758,Rajasthan,Jodhpur,Industrial Area,2001.0,Winter,13.6,20.4,,575.0,
11759,Rajasthan,Jodhpur,Industrial Area,2002.0,Autumn,9.97,16.67,,40.0,
11760,Rajasthan,Jodhpur,Industrial Area,2002.0,Spring,10.4,17.53,,81.0,
11761,Rajasthan,Jodhpur,Industrial Area,2002.0,Summer,9.5,18.45,,58.0,
11762,Rajasthan,Jodhpur,Industrial Area,2002.0,Winter,11.2,17.75,,21.0,
11763,Rajasthan,Jodhpur,Industrial Area,2004.0,Autumn,6.79,20.5,86.54,281.75,
11764,Rajasthan,Jodhpur,Industrial Area,2004.0,Spring,6.5,19.35,143.77,444.31,
11765,Rajasthan,Jodhpur,Industrial Area,2004.0,Summer,5.72,19.52,115.32,324.4,
11766,Rajasthan,Jodhpur,Industrial Area,2004.0,Winter,6.55,18.45,108.27,304.59,
11767,Rajasthan,Jodhpur,Industrial Area,2010.0,Autumn,6.09,21.98,142.91,291.81,
11768,Rajasthan,Jodhpur,Industrial Area,2010.0,Spring,5.8,22.02,253.64,533.91,
11769,Rajasthan,Jodhpur,Industrial Area,2010.0,Summer,6.36,21.53,145.87,344.77,
11770,Rajasthan,Jodhpur,Industrial Area,2010.0,Winter,6.62,23.67,169.95,378.74,
11771,Rajasthan,Jodhpur,Industrial Area,2011.0,Autumn,5.82,24.46,154.62,,
11772,Rajasthan,Jodhpur,Industrial Area,2011.0,Spring,5.38,22.26,173.12,,
11773,Rajasthan,Jodhpur,Industrial Area,2011.0,Summer,5.33,21.76,138.15,,
11774,Rajasthan,Jodhpur,Industrial Area,2011.0,Winter,6.06,24.14,170.0,,
11775,Rajasthan,Jodhpur,Industrial Area,2013.0,Autumn,5.27,22.27,169.16,,
11776,Rajasthan,Jodhpur,Industrial Area,2013.0,Spring,5.27,22.0,202.22,,
11777,Rajasthan,Jodhpur,Industrial Area,2013.0,Summer,5.44,21.5,157.08,,
11778,Rajasthan,Jodhpur,Industrial Area,2013.0,Winter,5.43,22.77,186.02,,
11779,Rajasthan,Jodhpur,Industrial Area,2014.0,Autumn,7.23,33.15,169.78,,
11780,Rajasthan,Jodhpur,Industrial Area,2014.0,Spring,7.71,28.71,168.67,,
11781,Rajasthan,Jodhpur,Industrial Area,2014.0,Summer,8.62,31.88,166.54,,
11782,Rajasthan,Jodhpur,Industrial Area,2014.0,Winter,7.13,31.68,172.69,,
11783,Rajasthan,Jodhpur,Industrial Area,2015.0,Autumn,6.04,23.46,114.19,,
11784,Rajasthan,Jodhpur,Industrial Area,2015.0,Spring,6.59,22.35,165.96,,
11785,Rajasthan,Jodhpur,Industrial Area,2015.0,Summer,6.94,19.1,92.75,,
11786,Rajasthan,Jodhpur,Industrial Area,2015.0,Winter,6.83,29.81,156.19,,
11787,Rajasthan,Jodhpur,Industrial Area,2005.0,Autumn,8.3,19.76,102.12,311.47,
11788,Rajasthan,Jodhpur,Industrial Area,2005.0,Spring,7.99,24.53,133.41,349.73,
11789,Rajasthan,Jodhpur,Industrial Area,2005.0,Summer,8.37,19.56,94.71,311.57,
11790,Rajasthan,Jodhpur,Industrial Area,2005.0,Winter,7.92,21.62,108.96,326.43,
11791,Rajasthan,Jodhpur,Industrial Area,2006.0,Autumn,6.7,21.46,107.77,307.46,
11792,Rajasthan,Jodhpur,Industrial Area,2006.0,Spring,7.43,21.14,133.63,401.65,
11793,Rajasthan,Jodhpur,Industrial Area,2006.0,Summer,6.67,20.6,103.77,352.69,
11794,Rajasthan,Jodhpur,Industrial Area,2006.0,Winter,7.34,21.9,122.16,339.56,
11795,Rajasthan,Jodhpur,Industrial Area,2007.0,Autumn,6.82,24.47,130.79,355.6,
11796,Rajasthan,Jodhpur,Industrial Area,2007.0,Spring,6.48,23.31,124.78,371.72,
11797,Rajasthan,Jodhpur,Industrial Area,2007.0,Summer,6.75,24.19,107.36,328.66,
11798,Rajasthan,Jodhpur,Industrial Area,2007.0,Winter,7.02,24.3,127.35,358.14,
11799,Rajasthan,Jodhpur,Industrial Area,2008.0,Autumn,6.49,23.77,132.05,371.16,
11800,Rajasthan,Jodhpur,Industrial Area,2008.0,Spring,6.57,24.81,156.64,434.39,
11801,Rajasthan,Jodhpur,Industrial Area,2008.0,Summer,6.41,23.7,126.76,327.64,
11802,Rajasthan,Jodhpur,Industrial Area,2008.0,Winter,6.7,23.91,152.23,393.81,
11803,Rajasthan,Jodhpur,Industrial Area,2009.0,Autumn,5.91,23.21,133.16,365.78,
11804,Rajasthan,Jodhpur,Industrial Area,2009.0,Spring,5.84,24.08,146.12,389.1,
11805,Rajasthan,Jodhpur,Industrial Area,2009.0,Summer,5.82,23.59,133.27,348.93,
11806,Rajasthan,Jodhpur,Industrial Area,2009.0,Winter,6.39,24.8,136.96,373.76,
11807,Rajasthan,Jodhpur,Residential and others,2005.0,Autumn,8.33,19.38,108.29,328.56,
11808,Rajasthan,Jodhpur,Residential and others,2005.0,Spring,7.83,19.73,107.59,359.29,
11809,Rajasthan,Jodhpur,Residential and others,2005.0,Summer,8.4,19.54,100.27,313.88,
11810,Rajasthan,Jodhpur,Residential and others,2005.0,Winter,8.17,20.14,114.54,347.09,
11811,Rajasthan,Jodhpur,Residential and others,2006.0,Autumn,6.64,21.06,118.74,339.83,
11812,Rajasthan,Jodhpur,Residential and others,2006.0,Spring,7.1,20.7,142.95,437.34,
11813,Rajasthan,Jodhpur,Residential and others,2006.0,Summer,6.25,19.96,130.71,342.2,
11814,Rajasthan,Jodhpur,Residential and others,2006.0,Winter,6.55,20.53,138.2,387.29,
11815,Rajasthan,Jodhpur,Residential and others,2007.0,Autumn,6.34,22.86,142.04,375.33,
11816,Rajasthan,Jodhpur,Residential and others,2007.0,Spring,6.1,22.38,141.12,402.76,
11817,Rajasthan,Jodhpur,Residential and others,2007.0,Summer,6.32,23.5,113.89,337.4,
11818,Rajasthan,Jodhpur,Residential and others,2007.0,Winter,6.52,22.8,132.21,379.75,
11819,Rajasthan,Jodhpur,Residential and others,2008.0,Autumn,6.3,23.66,151.4,381.47,
11820,Rajasthan,Jodhpur,Residential and others,2008.0,Spring,6.31,23.53,161.44,443.37,
11821,Rajasthan,Jodhpur,Residential and others,2008.0,Summer,6.13,23.01,133.56,354.34,
11822,Rajasthan,Jodhpur,Residential and others,2008.0,Winter,6.24,23.05,151.34,398.36,
11823,Rajasthan,Jodhpur,Residential and others,2009.0,Autumn,5.74,22.57,142.51,380.52,
11824,Rajasthan,Jodhpur,Residential and others,2009.0,Spring,5.58,22.42,156.81,409.24,
11825,Rajasthan,Jodhpur,Residential and others,2009.0,Summer,5.64,21.74,132.63,359.57,
11826,Rajasthan,Jodhpur,Residential and others,2009.0,Winter,5.94,23.2,141.01,376.39,
11845,Rajasthan,Jodhpur,"Residential, Rural and other Areas",2001.0,Autumn,8.25,17.55,,455.0,
11846,Rajasthan,Jodhpur,"Residential, Rural and other Areas",2001.0,Spring,4.7,15.45,,729.5,
11847,Rajasthan,Jodhpur,"Residential, Rural and other Areas",2001.0,Summer,5.88,15.05,,372.83,
11848,Rajasthan,Jodhpur,"Residential, Rural and other Areas",2001.0,Winter,7.6,14.55,,505.5,
11849,Rajasthan,Jodhpur,"Residential, Rural and other Areas",2002.0,Autumn,6.62,15.43,,23.17,
11850,Rajasthan,Jodhpur,"Residential, Rural and other Areas",2002.0,Spring,6.52,14.85,,9.17,
11851,Rajasthan,Jodhpur,"Residential, Rural and other Areas",2002.0,Summer,6.0,14.52,,8.0,
11852,Rajasthan,Jodhpur,"Residential, Rural and other Areas",2002.0,Winter,7.52,14.92,,64.25,
11853,Rajasthan,Jodhpur,"Residential, Rural and other Areas",2004.0,Autumn,6.71,19.71,91.54,290.98,
11854,Rajasthan,Jodhpur,"Residential, Rural and other Areas",2004.0,Spring,6.46,19.31,136.08,417.81,
11855,Rajasthan,Jodhpur,"Residential, Rural and other Areas",2004.0,Summer,5.74,19.52,103.5,299.76,
11856,Rajasthan,Jodhpur,"Residential, Rural and other Areas",2004.0,Winter,6.59,18.86,105.04,315.47,
11857,Rajasthan,Jodhpur,"Residential, Rural and other Areas",2010.0,Autumn,5.7,22.2,144.51,316.17,
11858,Rajasthan,Jodhpur,"Residential, Rural and other Areas",2010.0,Spring,5.57,22.17,256.36,562.61,
11859,Rajasthan,Jodhpur,"Residential, Rural and other Areas",2010.0,Summer,5.29,21.7,154.4,387.89,
11860,Rajasthan,Jodhpur,"Residential, Rural and other Areas",2010.0,Winter,5.57,23.11,177.67,404.64,
11861,Rajasthan,Jodhpur,"Residential, Rural and other Areas",2011.0,Autumn,5.46,24.04,168.52,,
11862,Rajasthan,Jodhpur,"Residential, Rural and other Areas",2011.0,Spring,5.1,22.2,183.86,,
11863,Rajasthan,Jodhpur,"Residential, Rural and other Areas",2011.0,Summer,5.22,21.91,154.01,,
11864,Rajasthan,Jodhpur,"Residential, Rural and other Areas",2011.0,Winter,5.55,24.97,180.0,,
11865,Rajasthan,Jodhpur,"Residential, Rural and other Areas",2013.0,Autumn,5.37,23.72,165.66,,
11866,Rajasthan,Jodhpur,"Residential, Rural and other Areas",2013.0,Spring,5.48,23.41,188.93,,
11867,Rajasthan,Jodhpur,"Residential, Rural and other Areas",2013.0,Summer,5.4,22.21,165.24,,
11868,Rajasthan,Jodhpur,"Residential, Rural and other Areas",2013.0,Winter,5.58,24.34,181.3,,
11869,Rajasthan,Jodhpur,"Residential, Rural and other Areas",2014.0,Autumn,6.56,32.67,205.83,,
11870,Rajasthan,Jodhpur,"Residential, Rural and other Areas",2014.0,Spring,6.07,29.0,223.84,,
11871,Rajasthan,Jodhpur,"Residential, Rural and other Areas",2014.0,Summer,6.85,29.38,202.21,,
11872,Rajasthan,Jodhpur,"Residential, Rural and other Areas",2014.0,Winter,6.81,30.11,189.0,,
11873,Rajasthan,Jodhpur,"Residential, Rural and other Areas",2015.0,Autumn,5.39,23.84,133.92,,
11874,Rajasthan,Jodhpur,"Residential, Rural and other Areas",2015.0,Spring,5.88,22.82,219.62,,
11875,Rajasthan,Jodhpur,"Residential, Rural and other Areas",2015.0,Summer,4.98,18.44,108.06,,
11876,Rajasthan,Jodhpur,"Residential, Rural and other Areas",2015.0,Winter,6.57,28.92,178.31,,
12314,Sikkim,Gangtok,Residential and others,2007.0,Autumn,19.8,26.8,32.0,75.0,
12315,Tamil Nadu,Chennai,Industrial Area,2004.0,Autumn,6.17,8.04,34.27,139.7,
12316,Tamil Nadu,Chennai,Industrial Area,2004.0,Spring,5.67,5.08,34.98,162.86,
12317,Tamil Nadu,Chennai,Industrial Area,2004.0,Summer,5.6,7.67,43.94,168.54,
12318,Tamil Nadu,Chennai,Industrial Area,2004.0,Winter,6.21,6.88,45.02,178.66,
12319,Tamil Nadu,Chennai,Industrial Area,2010.0,Autumn,10.02,16.06,75.95,144.38,
12320,Tamil Nadu,Chennai,Industrial Area,2010.0,Spring,10.8,17.64,65.94,162.3,
12321,Tamil Nadu,Chennai,Industrial Area,2010.0,Summer,10.7,17.54,65.48,137.07,
12322,Tamil Nadu,Chennai,Industrial Area,2010.0,Winter,10.04,16.42,74.79,157.05,
12323,Tamil Nadu,Chennai,Industrial Area,2011.0,Autumn,21.31,27.82,91.24,,
12324,Tamil Nadu,Chennai,Industrial Area,2011.0,Spring,13.22,18.87,79.41,,
12325,Tamil Nadu,Chennai,Industrial Area,2011.0,Summer,15.46,23.68,78.84,,
12326,Tamil Nadu,Chennai,Industrial Area,2011.0,Winter,24.95,20.19,88.93,,
12327,Tamil Nadu,Chennai,Industrial Area,2012.0,Autumn,13.65,21.29,72.33,,
12328,Tamil Nadu,Chennai,Industrial Area,2012.0,Spring,14.0,24.39,72.24,,
12329,Tamil Nadu,Chennai,Industrial Area,2012.0,Summer,14.66,22.85,70.61,,
12330,Tamil Nadu,Chennai,Industrial Area,2012.0,Winter,15.6,20.42,73.84,,
12331,Tamil Nadu,Chennai,Industrial Area,2013.0,Autumn,15.28,17.74,55.2,,
12332,Tamil Nadu,Chennai,Industrial Area,2013.0,Spring,15.65,18.18,62.54,,
12333,Tamil Nadu,Chennai,Industrial Area,2013.0,Summer,15.18,18.36,58.88,,
12334,Tamil Nadu,Chennai,Industrial Area,2013.0,Winter,14.79,16.91,61.74,,
12335,Tamil Nadu,Chennai,Industrial Area,2014.0,Autumn,11.57,18.82,40.31,,
12336,Tamil Nadu,Chennai,Industrial Area,2014.0,Spring,12.32,17.55,45.7,,
12337,Tamil Nadu,Chennai,Industrial Area,2014.0,Summer,11.89,18.72,41.77,,
12338,Tamil Nadu,Chennai,Industrial Area,2014.0,Winter,11.89,18.24,41.11,,
12339,Tamil Nadu,Chennai,Industrial Area,2015.0,Autumn,12.59,20.41,40.09,,21.75
12340,Tamil Nadu,Chennai,Industrial Area,2015.0,Spring,10.91,16.35,40.71,,30.24
12341,Tamil Nadu,Chennai,Industrial Area,2015.0,Summer,11.84,17.95,39.27,,28.71
12342,Tamil Nadu,Chennai,Industrial Area,2015.0,Winter,10.54,17.88,42.38,,20.88
12343,Tamil Nadu,Chennai,Industrial Area,2005.0,Autumn,11.75,18.1,70.46,138.97,
12344,Tamil Nadu,Chennai,Industrial Area,2005.0,Spring,10.46,18.63,63.97,158.52,
12345,Tamil Nadu,Chennai,Industrial Area,2005.0,Summer,12.52,20.65,67.82,171.44,
12346,Tamil Nadu,Chennai,Industrial Area,2005.0,Winter,11.93,20.3,68.6,176.34,
12347,Tamil Nadu,Chennai,Industrial Area,2006.0,Autumn,15.49,22.94,56.86,120.91,
12348,Tamil Nadu,Chennai,Industrial Area,2006.0,Spring,10.87,19.31,63.22,156.91,
12349,Tamil Nadu,Chennai,Industrial Area,2006.0,Summer,14.21,25.33,66.58,143.74,
12350,Tamil Nadu,Chennai,Industrial Area,2006.0,Winter,11.76,21.99,69.81,153.74,
12351,Tamil Nadu,Chennai,Industrial Area,2007.0,Autumn,12.5,19.75,67.2,158.6,
12352,Tamil Nadu,Chennai,Industrial Area,2007.0,Spring,12.84,18.22,73.2,181.01,
12353,Tamil Nadu,Chennai,Industrial Area,2007.0,Summer,12.95,20.47,71.76,170.79,
12354,Tamil Nadu,Chennai,Industrial Area,2007.0,Winter,13.42,20.49,77.17,160.42,
12355,Tamil Nadu,Chennai,Industrial Area,2008.0,Autumn,12.68,19.75,77.14,158.41,
12356,Tamil Nadu,Chennai,Industrial Area,2008.0,Spring,11.81,17.68,64.74,159.17,
12357,Tamil Nadu,Chennai,Industrial Area,2008.0,Summer,12.18,18.97,66.22,165.83,
12358,Tamil Nadu,Chennai,Industrial Area,2008.0,Winter,12.63,19.25,77.48,178.91,
12359,Tamil Nadu,Chennai,Industrial Area,2009.0,Autumn,8.85,20.91,67.12,153.44,
12360,Tamil Nadu,Chennai,Industrial Area,2009.0,Spring,11.6,19.99,82.34,187.0,
12361,Tamil Nadu,Chennai,Industrial Area,2009.0,Summer,10.86,18.12,69.98,158.2,
12362,Tamil Nadu,Chennai,Industrial Area,2009.0,Winter,10.86,18.15,97.41,198.62,
12363,Tamil Nadu,Chennai,Residential and others,2005.0,Autumn,12.65,13.32,39.44,112.5,
12364,Tamil Nadu,Chennai,Residential and others,2005.0,Spring,5.89,9.86,42.35,118.65,
12365,Tamil Nadu,Chennai,Residential and others,2005.0,Summer,7.8,9.6,44.86,131.33,
12366,Tamil Nadu,Chennai,Residential and others,2005.0,Winter,9.15,13.57,41.21,123.38,
12367,Tamil Nadu,Chennai,Residential and others,2006.0,Autumn,8.85,10.06,93.83,172.5,
12368,Tamil Nadu,Chennai,Residential and others,2006.0,Spring,12.4,19.95,66.33,162.86,
12369,Tamil Nadu,Chennai,Residential and others,2006.0,Summer,11.42,13.75,85.71,199.57,
12370,Tamil Nadu,Chennai,Residential and others,2006.0,Winter,9.76,16.57,52.81,123.11,
12371,Tamil Nadu,Chennai,Residential and others,2007.0,Autumn,6.91,8.13,34.58,76.53,
12372,Tamil Nadu,Chennai,Residential and others,2007.0,Spring,9.67,23.95,58.29,116.0,
12373,Tamil Nadu,Chennai,Residential and others,2007.0,Summer,23.27,18.07,46.5,126.25,
12374,Tamil Nadu,Chennai,Residential and others,2007.0,Winter,9.45,,25.5,66.5,
12375,Tamil Nadu,Chennai,Residential and others,2008.0,Autumn,8.26,10.0,38.4,81.71,
12376,Tamil Nadu,Chennai,Residential and others,2008.0,Spring,8.72,13.91,56.38,113.05,
12377,Tamil Nadu,Chennai,Residential and others,2008.0,Summer,6.25,8.92,49.52,100.21,
12378,Tamil Nadu,Chennai,Residential and others,2008.0,Winter,10.38,12.07,47.46,109.73,
12379,Tamil Nadu,Chennai,Residential and others,2009.0,Autumn,4.44,21.08,42.14,91.47,
12380,Tamil Nadu,Chennai,Residential and others,2009.0,Spring,4.95,14.2,44.47,100.0,
12381,Tamil Nadu,Chennai,Residential and others,2009.0,Summer,3.79,14.8,42.89,92.97,
12382,Tamil Nadu,Chennai,Residential and others,2009.0,Winter,5.79,10.17,51.32,118.19,
12383,Tamil Nadu,Chennai,"Residential, Rural and other Areas",2004.0,Autumn,4.88,5.95,24.89,69.61,
12384,Tamil Nadu,Chennai,"Residential, Rural and other Areas",2004.0,Spring,5.05,5.27,29.03,100.39,
12385,Tamil Nadu,Chennai,"Residential, Rural and other Areas",2004.0,Summer,4.51,5.7,27.43,100.96,
12386,Tamil Nadu,Chennai,"Residential, Rural and other Areas",2004.0,Winter,5.73,8.29,38.91,105.35,
12387,Tamil Nadu,Chennai,"Residential, Rural and other Areas",2010.0,Autumn,4.82,9.21,31.86,73.93,
12388,Tamil Nadu,Chennai,"Residential, Rural and other Areas",2010.0,Spring,6.89,10.91,36.4,101.43,
12389,Tamil Nadu,Chennai,"Residential, Rural and other Areas",2010.0,Summer,5.48,11.01,34.89,92.77,
12390,Tamil Nadu,Chennai,"Residential, Rural and other Areas",2010.0,Winter,4.83,13.04,39.22,93.88,
12391,Tamil Nadu,Chennai,"Residential, Rural and other Areas",2011.0,Autumn,5.91,12.27,26.02,,
12392,Tamil Nadu,Chennai,"Residential, Rural and other Areas",2011.0,Spring,3.83,9.66,24.73,,
12393,Tamil Nadu,Chennai,"Residential, Rural and other Areas",2011.0,Summer,5.22,12.84,30.17,,
12394,Tamil Nadu,Chennai,"Residential, Rural and other Areas",2011.0,Winter,4.4,15.01,34.5,,
12395,Tamil Nadu,Chennai,"Residential, Rural and other Areas",2012.0,Autumn,8.24,15.94,34.67,,
12396,Tamil Nadu,Chennai,"Residential, Rural and other Areas",2012.0,Spring,7.26,17.16,25.81,,
12397,Tamil Nadu,Chennai,"Residential, Rural and other Areas",2012.0,Summer,7.5,17.6,22.06,,
12398,Tamil Nadu,Chennai,"Residential, Rural and other Areas",2012.0,Winter,11.27,17.27,27.8,,
12399,Tamil Nadu,Chennai,"Residential, Rural and other Areas",2013.0,Autumn,13.22,23.54,95.28,,
12400,Tamil Nadu,Chennai,"Residential, Rural and other Areas",2013.0,Spring,10.03,26.42,102.95,,
12401,Tamil Nadu,Chennai,"Residential, Rural and other Areas",2013.0,Summer,12.07,28.61,110.32,,
12402,Tamil Nadu,Chennai,"Residential, Rural and other Areas",2013.0,Winter,12.77,27.64,96.77,,
12403,Tamil Nadu,Chennai,"Residential, Rural and other Areas",2014.0,Autumn,13.46,26.5,63.4,,
12404,Tamil Nadu,Chennai,"Residential, Rural and other Areas",2014.0,Spring,13.48,22.74,72.39,,
12405,Tamil Nadu,Chennai,"Residential, Rural and other Areas",2014.0,Summer,12.95,23.56,73.59,,
12406,Tamil Nadu,Chennai,"Residential, Rural and other Areas",2014.0,Winter,14.87,24.56,65.25,,
12407,Tamil Nadu,Chennai,"Residential, Rural and other Areas",2015.0,Autumn,8.82,21.12,55.73,,18.93
12408,Tamil Nadu,Chennai,"Residential, Rural and other Areas",2015.0,Spring,12.73,21.1,61.88,,21.88
12409,Tamil Nadu,Chennai,"Residential, Rural and other Areas",2015.0,Summer,11.38,18.65,76.02,,16.77
12410,Tamil Nadu,Chennai,"Residential, Rural and other Areas",2015.0,Winter,12.47,24.09,65.37,,49.67
12417,Tamil Nadu,Coimbatore,Industrial Area,2004.0,Autumn,7.47,40.17,84.22,182.96,
12418,Tamil Nadu,Coimbatore,Industrial Area,2004.0,Spring,8.67,46.83,76.38,171.54,
12419,Tamil Nadu,Coimbatore,Industrial Area,2004.0,Summer,6.78,36.27,73.91,139.32,
12420,Tamil Nadu,Coimbatore,Industrial Area,2004.0,Winter,10.0,51.09,81.3,208.17,
12421,Tamil Nadu,Coimbatore,Industrial Area,2010.0,Autumn,4.67,27.59,113.36,240.19,
12422,Tamil Nadu,Coimbatore,Industrial Area,2010.0,Spring,9.48,29.17,161.69,291.95,
12423,Tamil Nadu,Coimbatore,Industrial Area,2010.0,Summer,6.18,58.85,131.16,248.43,
12424,Tamil Nadu,Coimbatore,Industrial Area,2010.0,Winter,5.8,29.69,108.02,274.02,
12425,Tamil Nadu,Coimbatore,Industrial Area,2011.0,Autumn,4.32,44.52,108.58,,
12426,Tamil Nadu,Coimbatore,Industrial Area,2011.0,Spring,4.12,54.73,129.0,,
12427,Tamil Nadu,Coimbatore,Industrial Area,2011.0,Summer,4.16,33.32,123.92,,
12428,Tamil Nadu,Coimbatore,Industrial Area,2011.0,Winter,4.0,28.13,113.13,,
12429,Tamil Nadu,Coimbatore,Industrial Area,2012.0,Autumn,4.68,25.2,79.96,,
12430,Tamil Nadu,Coimbatore,Industrial Area,2012.0,Spring,3.25,28.58,72.08,,
12431,Tamil Nadu,Coimbatore,Industrial Area,2012.0,Summer,3.44,25.36,71.16,,
12432,Tamil Nadu,Coimbatore,Industrial Area,2012.0,Winter,4.32,27.16,76.74,,
12433,Tamil Nadu,Coimbatore,Industrial Area,2013.0,Autumn,4.26,28.21,65.75,,
12434,Tamil Nadu,Coimbatore,Industrial Area,2013.0,Spring,4.64,27.62,71.85,,
12435,Tamil Nadu,Coimbatore,Industrial Area,2013.0,Summer,3.92,24.71,62.38,,
12436,Tamil Nadu,Coimbatore,Industrial Area,2013.0,Winter,4.33,23.54,81.38,,
12437,Tamil Nadu,Coimbatore,Industrial Area,2014.0,Autumn,4.89,26.41,59.04,,
12438,Tamil Nadu,Coimbatore,Industrial Area,2014.0,Spring,5.38,27.17,61.71,,
12439,Tamil Nadu,Coimbatore,Industrial Area,2014.0,Summer,4.55,27.55,50.68,,
12440,Tamil Nadu,Coimbatore,Industrial Area,2014.0,Winter,5.04,28.33,51.62,,
12441,Tamil Nadu,Coimbatore,Industrial Area,2015.0,Autumn,4.13,26.87,46.4,,41.47
12442,Tamil Nadu,Coimbatore,Industrial Area,2015.0,Spring,4.82,26.76,52.84,,36.0
12443,Tamil Nadu,Coimbatore,Industrial Area,2015.0,Summer,4.36,29.0,40.79,,29.0
12444,Tamil Nadu,Coimbatore,Industrial Area,2015.0,Winter,4.78,25.04,61.35,,48.0
12445,Tamil Nadu,Coimbatore,Industrial Area,2005.0,Autumn,8.01,43.76,52.6,98.2,
12446,Tamil Nadu,Coimbatore,Industrial Area,2005.0,Spring,10.25,55.4,58.0,78.5,
12447,Tamil Nadu,Coimbatore,Industrial Area,2005.0,Summer,7.76,49.38,62.5,147.88,
12448,Tamil Nadu,Coimbatore,Industrial Area,2005.0,Winter,10.82,49.14,93.6,222.7,
12449,Tamil Nadu,Coimbatore,Industrial Area,2006.0,Autumn,12.37,40.15,87.73,192.55,
12450,Tamil Nadu,Coimbatore,Industrial Area,2006.0,Spring,14.59,47.74,93.91,193.74,
12451,Tamil Nadu,Coimbatore,Industrial Area,2006.0,Summer,13.28,34.67,99.45,207.18,
12452,Tamil Nadu,Coimbatore,Industrial Area,2006.0,Winter,12.63,41.43,107.56,272.44,
12453,Tamil Nadu,Coimbatore,Industrial Area,2007.0,Autumn,6.25,32.22,104.56,212.32,
12454,Tamil Nadu,Coimbatore,Industrial Area,2007.0,Spring,8.63,32.26,102.91,216.43,
12455,Tamil Nadu,Coimbatore,Industrial Area,2007.0,Summer,6.83,30.72,88.76,177.08,
12456,Tamil Nadu,Coimbatore,Industrial Area,2007.0,Winter,6.99,32.01,106.0,245.24,
12457,Tamil Nadu,Coimbatore,Industrial Area,2008.0,Autumn,7.04,39.45,112.13,213.13,
12458,Tamil Nadu,Coimbatore,Industrial Area,2008.0,Spring,7.37,31.15,120.56,214.6,
12459,Tamil Nadu,Coimbatore,Industrial Area,2008.0,Summer,6.11,31.0,104.68,199.55,
12460,Tamil Nadu,Coimbatore,Industrial Area,2008.0,Winter,6.57,35.13,124.26,257.0,
12461,Tamil Nadu,Coimbatore,Industrial Area,2009.0,Autumn,7.4,34.12,105.0,232.0,
12462,Tamil Nadu,Coimbatore,Industrial Area,2009.0,Spring,7.68,31.54,108.19,223.43,
12463,Tamil Nadu,Coimbatore,Industrial Area,2009.0,Summer,7.87,25.91,95.24,186.53,
12464,Tamil Nadu,Coimbatore,Industrial Area,2009.0,Winter,8.14,36.19,151.54,289.62,
12465,Tamil Nadu,Coimbatore,Residential and others,2005.0,Autumn,7.35,40.86,47.44,85.33,
12466,Tamil Nadu,Coimbatore,Residential and others,2005.0,Spring,7.19,41.8,29.33,70.89,
12467,Tamil Nadu,Coimbatore,Residential and others,2005.0,Summer,6.51,41.79,35.71,67.29,
12468,Tamil Nadu,Coimbatore,Residential and others,2005.0,Winter,8.06,39.01,52.83,96.67,
12469,Tamil Nadu,Coimbatore,Residential and others,2006.0,Autumn,10.54,31.68,38.68,69.25,
12470,Tamil Nadu,Coimbatore,Residential and others,2006.0,Spring,10.52,35.17,40.38,77.09,
12471,Tamil Nadu,Coimbatore,Residential and others,2006.0,Summer,9.97,29.35,33.45,66.24,
12472,Tamil Nadu,Coimbatore,Residential and others,2006.0,Winter,9.84,38.46,59.06,137.36,
12473,Tamil Nadu,Coimbatore,Residential and others,2007.0,Autumn,5.81,27.07,45.36,79.55,
12474,Tamil Nadu,Coimbatore,Residential and others,2007.0,Spring,7.48,29.25,42.41,78.77,
12475,Tamil Nadu,Coimbatore,Residential and others,2007.0,Summer,5.94,23.32,33.96,65.87,
12476,Tamil Nadu,Coimbatore,Residential and others,2007.0,Winter,6.81,26.69,56.0,110.24,
12477,Tamil Nadu,Coimbatore,Residential and others,2008.0,Autumn,6.12,35.07,54.62,89.0,
12478,Tamil Nadu,Coimbatore,Residential and others,2008.0,Spring,4.73,23.16,45.42,80.21,
12479,Tamil Nadu,Coimbatore,Residential and others,2008.0,Summer,5.51,25.81,45.23,81.0,
12480,Tamil Nadu,Coimbatore,Residential and others,2008.0,Winter,5.19,27.39,77.31,122.88,
12481,Tamil Nadu,Coimbatore,Residential and others,2009.0,Autumn,5.07,31.82,49.46,110.23,
12482,Tamil Nadu,Coimbatore,Residential and others,2009.0,Spring,5.97,25.99,55.95,106.88,
12483,Tamil Nadu,Coimbatore,Residential and others,2009.0,Summer,5.99,24.09,46.66,101.75,
12484,Tamil Nadu,Coimbatore,Residential and others,2009.0,Winter,5.53,31.76,63.11,133.33,
12503,Tamil Nadu,Coimbatore,"Residential, Rural and other Areas",2001.0,Autumn,,36.8,,35.0,
12504,Tamil Nadu,Coimbatore,"Residential, Rural and other Areas",2001.0,Spring,,28.73,,39.67,
12505,Tamil Nadu,Coimbatore,"Residential, Rural and other Areas",2001.0,Summer,,38.43,,34.33,
12506,Tamil Nadu,Coimbatore,"Residential, Rural and other Areas",2001.0,Winter,5.6,57.3,,50.0,
12507,Tamil Nadu,Coimbatore,"Residential, Rural and other Areas",2002.0,Autumn,6.15,52.15,,44.33,
12508,Tamil Nadu,Coimbatore,"Residential, Rural and other Areas",2002.0,Spring,4.97,41.53,,58.33,
12509,Tamil Nadu,Coimbatore,"Residential, Rural and other Areas",2002.0,Summer,8.63,42.87,,41.67,
12510,Tamil Nadu,Coimbatore,"Residential, Rural and other Areas",2002.0,Winter,5.7,40.4,,62.67,
12511,Tamil Nadu,Coimbatore,"Residential, Rural and other Areas",2004.0,Autumn,5.48,33.4,77.41,155.31,
12512,Tamil Nadu,Coimbatore,"Residential, Rural and other Areas",2004.0,Spring,7.25,40.72,56.64,131.0,
12513,Tamil Nadu,Coimbatore,"Residential, Rural and other Areas",2004.0,Summer,6.91,35.85,44.42,109.42,
12514,Tamil Nadu,Coimbatore,"Residential, Rural and other Areas",2004.0,Winter,6.92,37.56,67.29,165.95,
12515,Tamil Nadu,Coimbatore,"Residential, Rural and other Areas",2010.0,Autumn,4.24,21.47,51.96,105.97,
12516,Tamil Nadu,Coimbatore,"Residential, Rural and other Areas",2010.0,Spring,6.71,24.76,58.33,133.87,
12517,Tamil Nadu,Coimbatore,"Residential, Rural and other Areas",2010.0,Summer,4.59,19.41,41.82,120.62,
12518,Tamil Nadu,Coimbatore,"Residential, Rural and other Areas",2010.0,Winter,4.72,24.26,60.58,127.11,
12519,Tamil Nadu,Coimbatore,"Residential, Rural and other Areas",2011.0,Autumn,4.52,28.94,75.8,,
12520,Tamil Nadu,Coimbatore,"Residential, Rural and other Areas",2011.0,Spring,4.04,27.47,60.59,,
12521,Tamil Nadu,Coimbatore,"Residential, Rural and other Areas",2011.0,Summer,4.47,33.69,62.45,,
12522,Tamil Nadu,Coimbatore,"Residential, Rural and other Areas",2011.0,Winter,4.21,26.05,75.8,,
12523,Tamil Nadu,Coimbatore,"Residential, Rural and other Areas",2012.0,Autumn,3.75,29.65,69.96,,
12524,Tamil Nadu,Coimbatore,"Residential, Rural and other Areas",2012.0,Spring,2.51,30.24,59.33,,
12525,Tamil Nadu,Coimbatore,"Residential, Rural and other Areas",2012.0,Summer,3.27,24.68,56.0,,
12526,Tamil Nadu,Coimbatore,"Residential, Rural and other Areas",2012.0,Winter,3.09,25.04,73.75,,
12527,Tamil Nadu,Coimbatore,"Residential, Rural and other Areas",2013.0,Autumn,4.13,23.57,49.48,,
12528,Tamil Nadu,Coimbatore,"Residential, Rural and other Areas",2013.0,Spring,4.46,24.95,50.57,,
12529,Tamil Nadu,Coimbatore,"Residential, Rural and other Areas",2013.0,Summer,3.93,23.17,40.65,,
12530,Tamil Nadu,Coimbatore,"Residential, Rural and other Areas",2013.0,Winter,4.12,23.2,53.5,,
12531,Tamil Nadu,Coimbatore,"Residential, Rural and other Areas",2014.0,Autumn,4.27,23.63,47.14,,
12532,Tamil Nadu,Coimbatore,"Residential, Rural and other Areas",2014.0,Spring,4.49,24.63,47.96,,
12533,Tamil Nadu,Coimbatore,"Residential, Rural and other Areas",2014.0,Summer,4.06,24.69,40.04,,
12534,Tamil Nadu,Coimbatore,"Residential, Rural and other Areas",2014.0,Winter,4.53,24.33,48.72,,
12535,Tamil Nadu,Coimbatore,"Residential, Rural and other Areas",2015.0,Autumn,2.91,24.75,40.94,,31.56
12536,Tamil Nadu,Coimbatore,"Residential, Rural and other Areas",2015.0,Spring,4.25,23.43,43.36,,28.64
12537,Tamil Nadu,Coimbatore,"Residential, Rural and other Areas",2015.0,Summer,3.29,24.69,33.43,,22.26
12538,Tamil Nadu,Coimbatore,"Residential, Rural and other Areas",2015.0,Winter,4.02,23.44,56.64,,32.83
12690,Tamil Nadu,Madurai,Industrial Area,2001.0,Autumn,8.07,33.4,,78.0,
12691,Tamil Nadu,Madurai,Industrial Area,2001.0,Spring,5.03,28.1,,95.67,
12692,Tamil Nadu,Madurai,Industrial Area,2001.0,Summer,5.97,30.67,,67.33,
12693,Tamil Nadu,Madurai,Industrial Area,2001.0,Winter,4.6,26.8,,103.0,
12694,Tamil Nadu,Madurai,Industrial Area,2002.0,Autumn,16.07,26.83,,26.0,
12695,Tamil Nadu,Madurai,Industrial Area,2002.0,Spring,17.87,35.7,,21.33,
12696,Tamil Nadu,Madurai,Industrial Area,2002.0,Summer,16.53,27.9,,8.0,
12697,Tamil Nadu,Madurai,Industrial Area,2002.0,Winter,9.23,31.23,,50.67,
12698,Tamil Nadu,Madurai,Industrial Area,2010.0,Autumn,11.1,25.06,41.99,95.75,
12699,Tamil Nadu,Madurai,Industrial Area,2010.0,Spring,11.92,26.76,38.23,98.44,
12700,Tamil Nadu,Madurai,Industrial Area,2010.0,Summer,10.32,24.57,37.2,90.27,
12701,Tamil Nadu,Madurai,Industrial Area,2010.0,Winter,9.9,23.43,39.42,93.28,
12702,Tamil Nadu,Madurai,Industrial Area,2011.0,Autumn,10.5,23.42,44.83,,
12703,Tamil Nadu,Madurai,Industrial Area,2011.0,Spring,10.96,23.7,42.83,,
12704,Tamil Nadu,Madurai,Industrial Area,2011.0,Summer,12.84,34.04,41.96,,
12705,Tamil Nadu,Madurai,Industrial Area,2011.0,Winter,10.71,23.33,41.92,,
12706,Tamil Nadu,Madurai,Industrial Area,2012.0,Autumn,11.76,23.96,56.12,,
12707,Tamil Nadu,Madurai,Industrial Area,2012.0,Spring,10.0,22.37,46.96,,
12708,Tamil Nadu,Madurai,Industrial Area,2012.0,Summer,10.31,25.96,48.04,,
12709,Tamil Nadu,Madurai,Industrial Area,2012.0,Winter,11.4,22.48,51.28,,
12710,Tamil Nadu,Madurai,Industrial Area,2013.0,Autumn,14.38,22.15,32.38,,
12711,Tamil Nadu,Madurai,Industrial Area,2013.0,Spring,16.04,23.29,47.08,,
12712,Tamil Nadu,Madurai,Industrial Area,2013.0,Summer,18.15,23.15,37.58,,
12713,Tamil Nadu,Madurai,Industrial Area,2013.0,Winter,15.37,22.37,47.47,,
12714,Tamil Nadu,Madurai,Industrial Area,2014.0,Autumn,13.87,23.04,44.48,,
12715,Tamil Nadu,Madurai,Industrial Area,2014.0,Spring,13.77,31.88,40.46,,
12716,Tamil Nadu,Madurai,Industrial Area,2014.0,Summer,13.12,29.15,44.96,,
12717,Tamil Nadu,Madurai,Industrial Area,2014.0,Winter,13.85,24.23,33.46,,
12718,Tamil Nadu,Madurai,Industrial Area,2015.0,Autumn,15.87,20.4,67.07,,33.54
12719,Tamil Nadu,Madurai,Industrial Area,2015.0,Spring,13.57,30.17,60.35,,35.14
12720,Tamil Nadu,Madurai,Industrial Area,2015.0,Summer,13.9,24.65,62.2,,25.9
12721,Tamil Nadu,Madurai,Industrial Area,2015.0,Winter,14.73,23.86,54.41,,27.7
12722,Tamil Nadu,Madurai,Industrial Area,2005.0,Autumn,15.74,24.42,27.65,80.53,
12723,Tamil Nadu,Madurai,Industrial Area,2005.0,Spring,21.0,23.28,25.0,75.25,
12724,Tamil Nadu,Madurai,Industrial Area,2005.0,Summer,16.51,24.61,27.1,102.8,
12725,Tamil Nadu,Madurai,Industrial Area,2005.0,Winter,20.59,29.72,34.0,87.89,
12726,Tamil Nadu,Madurai,Industrial Area,2006.0,Autumn,13.74,27.57,36.28,89.12,
12727,Tamil Nadu,Madurai,Industrial Area,2006.0,Spring,13.76,26.11,40.13,117.35,
12728,Tamil Nadu,Madurai,Industrial Area,2006.0,Summer,12.39,24.91,36.83,95.13,
12729,Tamil Nadu,Madurai,Industrial Area,2006.0,Winter,12.77,31.03,54.87,152.43,
12730,Tamil Nadu,Madurai,Industrial Area,2007.0,Autumn,11.75,23.91,41.62,95.46,
12731,Tamil Nadu,Madurai,Industrial Area,2007.0,Spring,11.39,23.08,40.62,95.67,
12732,Tamil Nadu,Madurai,Industrial Area,2007.0,Summer,12.05,23.94,43.12,100.46,
12733,Tamil Nadu,Madurai,Industrial Area,2007.0,Winter,10.41,24.66,35.6,85.1,
12734,Tamil Nadu,Madurai,Industrial Area,2008.0,Autumn,10.11,23.76,49.84,98.44,
12735,Tamil Nadu,Madurai,Industrial Area,2008.0,Spring,11.4,24.5,41.72,81.8,
12736,Tamil Nadu,Madurai,Industrial Area,2008.0,Summer,11.34,24.97,37.44,88.44,
12737,Tamil Nadu,Madurai,Industrial Area,2008.0,Winter,10.61,22.9,40.85,88.77,
12738,Tamil Nadu,Madurai,Industrial Area,2009.0,Autumn,9.88,24.87,38.17,79.5,
12739,Tamil Nadu,Madurai,Industrial Area,2009.0,Spring,10.24,24.16,46.77,86.55,
12740,Tamil Nadu,Madurai,Industrial Area,2009.0,Summer,10.42,26.03,38.6,82.5,
12741,Tamil Nadu,Madurai,Industrial Area,2009.0,Winter,10.29,26.07,45.33,89.0,
12742,Tamil Nadu,Madurai,Residential and others,2005.0,Autumn,10.2,23.82,47.19,164.41,
12743,Tamil Nadu,Madurai,Residential and others,2005.0,Spring,9.72,27.47,38.5,132.83,
12744,Tamil Nadu,Madurai,Residential and others,2005.0,Summer,9.11,23.82,40.25,153.94,
12745,Tamil Nadu,Madurai,Residential and others,2005.0,Winter,9.53,23.8,48.4,161.1,
12746,Tamil Nadu,Madurai,Residential and others,2006.0,Autumn,9.58,24.33,31.77,94.26,
12747,Tamil Nadu,Madurai,Residential and others,2006.0,Spring,10.72,25.64,35.53,119.36,
12748,Tamil Nadu,Madurai,Residential and others,2006.0,Summer,9.55,25.0,34.63,114.22,
12749,Tamil Nadu,Madurai,Residential and others,2006.0,Winter,9.72,32.49,42.07,141.34,
12750,Tamil Nadu,Madurai,Residential and others,2007.0,Autumn,8.73,22.36,42.14,93.1,
12751,Tamil Nadu,Madurai,Residential and others,2007.0,Spring,8.76,19.59,42.92,99.88,
12752,Tamil Nadu,Madurai,Residential and others,2007.0,Summer,8.42,20.36,41.28,96.7,
12753,Tamil Nadu,Madurai,Residential and others,2007.0,Winter,8.02,19.33,43.31,100.14,
12754,Tamil Nadu,Madurai,Residential and others,2008.0,Autumn,10.14,25.98,49.6,95.46,
12755,Tamil Nadu,Madurai,Residential and others,2008.0,Spring,9.25,22.06,39.84,78.29,
12756,Tamil Nadu,Madurai,Residential and others,2008.0,Summer,9.81,23.16,36.51,84.86,
12757,Tamil Nadu,Madurai,Residential and others,2008.0,Winter,8.95,21.5,38.12,91.2,
12758,Tamil Nadu,Madurai,Residential and others,2009.0,Autumn,9.35,22.52,47.0,89.33,
12759,Tamil Nadu,Madurai,Residential and others,2009.0,Spring,9.86,24.72,43.86,85.5,
12760,Tamil Nadu,Madurai,Residential and others,2009.0,Summer,9.89,24.25,38.09,82.91,
12761,Tamil Nadu,Madurai,Residential and others,2009.0,Winter,9.39,25.26,44.52,88.34,
12773,Tamil Nadu,Madurai,"Residential, Rural and other Areas",2001.0,Autumn,5.38,36.52,,152.83,
12774,Tamil Nadu,Madurai,"Residential, Rural and other Areas",2001.0,Spring,5.53,26.28,,151.0,
12775,Tamil Nadu,Madurai,"Residential, Rural and other Areas",2001.0,Summer,4.68,28.03,,138.5,
12776,Tamil Nadu,Madurai,"Residential, Rural and other Areas",2001.0,Winter,6.2,33.72,,192.83,
12777,Tamil Nadu,Madurai,"Residential, Rural and other Areas",2002.0,Autumn,5.7,28.38,,48.83,
12778,Tamil Nadu,Madurai,"Residential, Rural and other Areas",2002.0,Spring,5.67,34.62,,29.83,
12779,Tamil Nadu,Madurai,"Residential, Rural and other Areas",2002.0,Summer,5.7,29.65,,9.67,
12780,Tamil Nadu,Madurai,"Residential, Rural and other Areas",2002.0,Winter,5.83,32.93,,60.33,
12781,Tamil Nadu,Madurai,"Residential, Rural and other Areas",2010.0,Autumn,10.26,22.78,46.2,104.22,
12782,Tamil Nadu,Madurai,"Residential, Rural and other Areas",2010.0,Spring,11.35,24.94,55.74,140.33,
12783,Tamil Nadu,Madurai,"Residential, Rural and other Areas",2010.0,Summer,10.33,24.99,42.95,101.3,
12784,Tamil Nadu,Madurai,"Residential, Rural and other Areas",2010.0,Winter,10.32,25.42,56.51,116.58,
12785,Tamil Nadu,Madurai,"Residential, Rural and other Areas",2011.0,Autumn,10.76,24.24,47.38,,
12786,Tamil Nadu,Madurai,"Residential, Rural and other Areas",2011.0,Spring,12.1,27.22,45.47,,
12787,Tamil Nadu,Madurai,"Residential, Rural and other Areas",2011.0,Summer,10.56,23.5,42.62,,
12788,Tamil Nadu,Madurai,"Residential, Rural and other Areas",2011.0,Winter,10.88,23.96,46.63,,
12789,Tamil Nadu,Madurai,"Residential, Rural and other Areas",2012.0,Autumn,9.72,21.98,45.91,,
12790,Tamil Nadu,Madurai,"Residential, Rural and other Areas",2012.0,Spring,9.44,21.54,45.06,,
12791,Tamil Nadu,Madurai,"Residential, Rural and other Areas",2012.0,Summer,10.24,22.59,45.16,,
12792,Tamil Nadu,Madurai,"Residential, Rural and other Areas",2012.0,Winter,9.68,21.3,48.93,,
12793,Tamil Nadu,Madurai,"Residential, Rural and other Areas",2013.0,Autumn,14.93,23.87,42.09,,
12794,Tamil Nadu,Madurai,"Residential, Rural and other Areas",2013.0,Spring,12.6,20.71,40.23,,
12795,Tamil Nadu,Madurai,"Residential, Rural and other Areas",2013.0,Summer,14.4,21.62,41.02,,
12796,Tamil Nadu,Madurai,"Residential, Rural and other Areas",2013.0,Winter,12.39,21.54,39.2,,
12797,Tamil Nadu,Madurai,"Residential, Rural and other Areas",2014.0,Autumn,12.43,22.04,48.28,,
12798,Tamil Nadu,Madurai,"Residential, Rural and other Areas",2014.0,Spring,13.87,26.98,50.19,,
12799,Tamil Nadu,Madurai,"Residential, Rural and other Areas",2014.0,Summer,12.04,28.23,51.25,,
12800,Tamil Nadu,Madurai,"Residential, Rural and other Areas",2014.0,Winter,14.48,23.09,43.25,,
12801,Tamil Nadu,Madurai,"Residential, Rural and other Areas",2015.0,Autumn,14.42,22.61,61.74,,
12802,Tamil Nadu,Madurai,"Residential, Rural and other Areas",2015.0,Spring,11.23,27.84,63.42,,
12803,Tamil Nadu,Madurai,"Residential, Rural and other Areas",2015.0,Summer,12.75,23.5,72.43,,
12804,Tamil Nadu,Madurai,"Residential, Rural and other Areas",2015.0,Winter,13.17,23.45,66.21,,
12829,Tamil Nadu,Salem,Residential and others,2005.0,Autumn,6.71,37.74,48.5,75.71,
12830,Tamil Nadu,Salem,Residential and others,2005.0,Spring,6.72,35.85,40.5,60.67,
12831,Tamil Nadu,Salem,Residential and others,2005.0,Summer,6.78,33.78,35.5,55.78,
12832,Tamil Nadu,Salem,Residential and others,2005.0,Winter,6.68,35.07,40.46,65.46,
12833,Tamil Nadu,Salem,Residential and others,2006.0,Autumn,8.39,36.33,37.44,62.82,
12834,Tamil Nadu,Salem,Residential and others,2006.0,Spring,7.85,29.41,39.03,67.67,
12835,Tamil Nadu,Salem,Residential and others,2006.0,Summer,8.07,30.33,38.64,64.06,
12836,Tamil Nadu,Salem,Residential and others,2006.0,Winter,7.2,27.62,47.91,82.7,
12837,Tamil Nadu,Salem,Residential and others,2007.0,Autumn,7.53,23.5,69.58,115.72,
12838,Tamil Nadu,Salem,Residential and others,2007.0,Spring,7.92,26.02,51.62,90.38,
12839,Tamil Nadu,Salem,Residential and others,2007.0,Summer,7.45,23.56,49.35,86.08,
12840,Tamil Nadu,Salem,Residential and others,2007.0,Winter,7.55,27.48,63.57,106.46,
12841,Tamil Nadu,Salem,Residential and others,2008.0,Autumn,8.3,25.53,74.33,113.22,
12842,Tamil Nadu,Salem,Residential and others,2008.0,Spring,8.05,26.5,80.08,127.42,
12843,Tamil Nadu,Salem,Residential and others,2008.0,Summer,7.92,23.72,64.38,104.41,
12844,Tamil Nadu,Salem,Residential and others,2008.0,Winter,7.89,24.28,89.66,139.2,
12845,Tamil Nadu,Salem,Residential and others,2009.0,Autumn,8.84,24.77,89.0,137.88,
12846,Tamil Nadu,Salem,Residential and others,2009.0,Spring,8.39,24.82,85.48,134.62,
12847,Tamil Nadu,Salem,Residential and others,2009.0,Summer,8.58,24.69,70.74,116.54,
12848,Tamil Nadu,Salem,Residential and others,2009.0,Winter,8.76,25.46,96.47,156.06,
12858,Tamil Nadu,Salem,"Residential, Rural and other Areas",2001.0,Autumn,4.75,10.35,,32.5,
12859,Tamil Nadu,Salem,"Residential, Rural and other Areas",2001.0,Spring,3.03,7.43,,37.67,
12860,Tamil Nadu,Salem,"Residential, Rural and other Areas",2001.0,Summer,5.2,11.0,,34.67,
12861,Tamil Nadu,Salem,"Residential, Rural and other Areas",2001.0,Winter,4.2,8.7,,49.0,
12862,Tamil Nadu,Salem,"Residential, Rural and other Areas",2002.0,Autumn,6.6,28.2,,8.33,
12863,Tamil Nadu,Salem,"Residential, Rural and other Areas",2002.0,Spring,5.2,17.43,,10.67,
12864,Tamil Nadu,Salem,"Residential, Rural and other Areas",2002.0,Summer,3.77,14.4,,8.67,
12865,Tamil Nadu,Salem,"Residential, Rural and other Areas",2002.0,Winter,5.6,24.1,,8.0,
12866,Tamil Nadu,Salem,"Residential, Rural and other Areas",2010.0,Autumn,8.68,25.05,69.63,103.76,
12867,Tamil Nadu,Salem,"Residential, Rural and other Areas",2010.0,Spring,8.37,27.35,131.34,143.42,
12868,Tamil Nadu,Salem,"Residential, Rural and other Areas",2010.0,Summer,8.57,26.24,65.68,99.01,
12869,Tamil Nadu,Salem,"Residential, Rural and other Areas",2010.0,Winter,8.21,24.24,92.32,138.73,
12870,Tamil Nadu,Salem,"Residential, Rural and other Areas",2011.0,Autumn,8.0,20.39,64.29,,
12871,Tamil Nadu,Salem,"Residential, Rural and other Areas",2011.0,Spring,8.26,21.62,60.85,,
12872,Tamil Nadu,Salem,"Residential, Rural and other Areas",2011.0,Summer,8.37,21.63,58.06,,
12873,Tamil Nadu,Salem,"Residential, Rural and other Areas",2011.0,Winter,7.85,19.82,74.06,,
12874,Tamil Nadu,Salem,"Residential, Rural and other Areas",2012.0,Autumn,8.44,22.65,67.97,,
12875,Tamil Nadu,Salem,"Residential, Rural and other Areas",2012.0,Spring,9.69,22.29,58.0,,
12876,Tamil Nadu,Salem,"Residential, Rural and other Areas",2012.0,Summer,7.84,21.28,55.78,,
12877,Tamil Nadu,Salem,"Residential, Rural and other Areas",2012.0,Winter,9.38,21.82,60.71,,
12878,Tamil Nadu,Salem,"Residential, Rural and other Areas",2013.0,Autumn,8.89,26.49,65.63,,
12879,Tamil Nadu,Salem,"Residential, Rural and other Areas",2013.0,Spring,8.71,24.8,66.67,,
12880,Tamil Nadu,Salem,"Residential, Rural and other Areas",2013.0,Summer,8.94,25.11,54.94,,
12881,Tamil Nadu,Salem,"Residential, Rural and other Areas",2013.0,Winter,8.58,23.97,61.1,,
12882,Tamil Nadu,Salem,"Residential, Rural and other Areas",2014.0,Autumn,8.3,28.0,65.77,,
12883,Tamil Nadu,Salem,"Residential, Rural and other Areas",2014.0,Spring,8.03,31.94,62.08,,
12884,Tamil Nadu,Salem,"Residential, Rural and other Areas",2014.0,Summer,8.24,26.35,60.5,,
12885,Tamil Nadu,Salem,"Residential, Rural and other Areas",2014.0,Winter,7.9,28.03,63.94,,
12886,Tamil Nadu,Salem,"Residential, Rural and other Areas",2015.0,Autumn,7.81,27.29,54.05,,14.88
12887,Tamil Nadu,Salem,"Residential, Rural and other Areas",2015.0,Spring,9.66,29.91,56.72,,21.75
12888,Tamil Nadu,Salem,"Residential, Rural and other Areas",2015.0,Summer,8.21,26.79,50.37,,12.0
12889,Tamil Nadu,Salem,"Residential, Rural and other Areas",2015.0,Winter,8.18,26.94,54.94,,16.0
12890,Tamil Nadu,Thoothukudi,Industrial Area,2010.0,Autumn,10.73,13.26,127.68,225.45,
12891,Tamil Nadu,Thoothukudi,Industrial Area,2010.0,Spring,10.64,14.7,217.78,390.61,
12892,Tamil Nadu,Thoothukudi,Industrial Area,2010.0,Summer,11.62,11.16,139.62,258.4,
12893,Tamil Nadu,Thoothukudi,Industrial Area,2010.0,Winter,11.73,10.97,164.91,264.92,
12894,Tamil Nadu,Thoothukudi,Industrial Area,2011.0,Autumn,9.09,11.65,181.26,,
12895,Tamil Nadu,Thoothukudi,Industrial Area,2011.0,Spring,11.18,14.91,235.23,,
12896,Tamil Nadu,Thoothukudi,Industrial Area,2011.0,Summer,7.32,20.68,204.76,,
12897,Tamil Nadu,Thoothukudi,Industrial Area,2011.0,Winter,6.28,13.12,198.64,,
12898,Tamil Nadu,Thoothukudi,Industrial Area,2012.0,Autumn,14.43,12.17,148.26,,
12899,Tamil Nadu,Thoothukudi,Industrial Area,2012.0,Spring,9.3,16.3,190.22,,
12900,Tamil Nadu,Thoothukudi,Industrial Area,2012.0,Summer,15.19,16.15,135.54,,
12901,Tamil Nadu,Thoothukudi,Industrial Area,2012.0,Winter,13.0,11.39,193.52,,
12902,Tamil Nadu,Thoothukudi,Industrial Area,2013.0,Autumn,13.42,19.42,81.12,,
12903,Tamil Nadu,Thoothukudi,Industrial Area,2013.0,Spring,13.32,19.95,80.61,,
12904,Tamil Nadu,Thoothukudi,Industrial Area,2013.0,Summer,12.16,21.04,72.52,,
12905,Tamil Nadu,Thoothukudi,Industrial Area,2013.0,Winter,14.21,14.63,120.32,,
12906,Tamil Nadu,Thoothukudi,Industrial Area,2014.0,Autumn,14.83,21.46,78.75,,
12907,Tamil Nadu,Thoothukudi,Industrial Area,2014.0,Spring,16.0,23.44,97.0,,
12908,Tamil Nadu,Thoothukudi,Industrial Area,2014.0,Summer,14.62,22.62,84.62,,
12909,Tamil Nadu,Thoothukudi,Industrial Area,2014.0,Winter,14.72,22.12,118.33,,
12910,Tamil Nadu,Thoothukudi,Industrial Area,2015.0,Autumn,15.14,22.71,160.29,,
12911,Tamil Nadu,Thoothukudi,Industrial Area,2015.0,Spring,15.32,20.72,88.48,,
12912,Tamil Nadu,Thoothukudi,Industrial Area,2015.0,Summer,16.08,23.62,116.67,,
12913,Tamil Nadu,Thoothukudi,Industrial Area,2015.0,Winter,15.5,17.38,101.25,,
12914,Tamil Nadu,Thoothukudi,Industrial Area,2005.0,Autumn,19.39,19.52,67.68,85.53,
12915,Tamil Nadu,Thoothukudi,Industrial Area,2005.0,Spring,19.12,21.92,65.6,74.6,
12916,Tamil Nadu,Thoothukudi,Industrial Area,2005.0,Summer,18.32,16.4,73.0,96.44,
12917,Tamil Nadu,Thoothukudi,Industrial Area,2005.0,Winter,16.66,18.31,40.0,50.11,
12918,Tamil Nadu,Thoothukudi,Industrial Area,2006.0,Autumn,17.87,17.89,95.0,113.43,
12919,Tamil Nadu,Thoothukudi,Industrial Area,2006.0,Spring,18.24,21.12,64.74,76.09,
12920,Tamil Nadu,Thoothukudi,Industrial Area,2006.0,Summer,19.8,18.02,113.0,133.05,
12921,Tamil Nadu,Thoothukudi,Industrial Area,2006.0,Winter,16.64,23.08,81.05,110.21,
12922,Tamil Nadu,Thoothukudi,Industrial Area,2007.0,Autumn,29.03,21.67,117.22,184.61,
12923,Tamil Nadu,Thoothukudi,Industrial Area,2007.0,Spring,21.22,20.09,105.17,203.12,
12924,Tamil Nadu,Thoothukudi,Industrial Area,2007.0,Summer,33.34,18.23,137.58,254.29,
12925,Tamil Nadu,Thoothukudi,Industrial Area,2007.0,Winter,30.55,18.29,85.37,137.0,
12926,Tamil Nadu,Thoothukudi,Industrial Area,2008.0,Autumn,23.74,19.41,128.58,231.11,
12927,Tamil Nadu,Thoothukudi,Industrial Area,2008.0,Spring,31.33,23.2,173.45,322.55,
12928,Tamil Nadu,Thoothukudi,Industrial Area,2008.0,Summer,27.62,21.08,140.52,243.48,
12929,Tamil Nadu,Thoothukudi,Industrial Area,2008.0,Winter,27.55,17.12,92.85,142.38,
12930,Tamil Nadu,Thoothukudi,Industrial Area,2009.0,Autumn,29.98,12.67,135.33,292.33,
12931,Tamil Nadu,Thoothukudi,Industrial Area,2009.0,Spring,26.56,17.96,167.53,289.37,
12932,Tamil Nadu,Thoothukudi,Industrial Area,2009.0,Summer,19.87,13.83,137.48,316.19,
12933,Tamil Nadu,Thoothukudi,Industrial Area,2009.0,Winter,22.64,12.78,175.27,281.0,
12934,Tamil Nadu,Thoothukudi,Residential and others,2005.0,Autumn,20.71,22.52,75.22,94.03,
12935,Tamil Nadu,Thoothukudi,Residential and others,2005.0,Spring,18.41,18.23,59.71,73.0,
12936,Tamil Nadu,Thoothukudi,Residential and others,2005.0,Summer,17.26,14.82,63.35,82.12,
12937,Tamil Nadu,Thoothukudi,Residential and others,2005.0,Winter,19.28,23.56,55.42,75.79,
12938,Tamil Nadu,Thoothukudi,Residential and others,2006.0,Autumn,17.81,20.46,71.75,87.25,
12939,Tamil Nadu,Thoothukudi,Residential and others,2006.0,Spring,16.45,18.53,67.96,81.17,
12940,Tamil Nadu,Thoothukudi,Residential and others,2006.0,Summer,18.15,20.31,77.61,98.22,
12941,Tamil Nadu,Thoothukudi,Residential and others,2006.0,Winter,16.61,19.55,67.92,87.36,
12942,Tamil Nadu,Thoothukudi,Residential and others,2007.0,Autumn,35.24,16.18,72.45,119.0,
12943,Tamil Nadu,Thoothukudi,Residential and others,2007.0,Spring,25.01,16.37,91.14,171.68,
12944,Tamil Nadu,Thoothukudi,Residential and others,2007.0,Summer,29.03,14.67,71.62,126.46,
12945,Tamil Nadu,Thoothukudi,Residential and others,2007.0,Winter,25.32,18.36,72.21,109.79,
12946,Tamil Nadu,Thoothukudi,Residential and others,2008.0,Autumn,29.73,15.57,72.28,116.64,
12947,Tamil Nadu,Thoothukudi,Residential and others,2008.0,Spring,31.81,20.0,85.12,136.48,
12948,Tamil Nadu,Thoothukudi,Residential and others,2008.0,Summer,31.57,15.36,74.23,120.17,
12949,Tamil Nadu,Thoothukudi,Residential and others,2008.0,Winter,28.24,18.13,78.12,127.6,
12950,Tamil Nadu,Thoothukudi,Residential and others,2009.0,Autumn,24.26,13.17,89.0,152.5,
12951,Tamil Nadu,Thoothukudi,Residential and others,2009.0,Spring,25.6,14.87,90.16,189.44,
12952,Tamil Nadu,Thoothukudi,Residential and others,2009.0,Summer,17.43,14.31,60.68,137.39,
12953,Tamil Nadu,Thoothukudi,Residential and others,2009.0,Winter,24.42,13.48,106.34,177.52,
12954,Tamil Nadu,Thoothukudi,"Residential, Rural and other Areas",2010.0,Autumn,11.03,11.9,70.25,127.45,
12955,Tamil Nadu,Thoothukudi,"Residential, Rural and other Areas",2010.0,Spring,15.42,14.39,74.92,153.34,
12956,Tamil Nadu,Thoothukudi,"Residential, Rural and other Areas",2010.0,Summer,12.74,9.47,67.74,140.21,
12957,Tamil Nadu,Thoothukudi,"Residential, Rural and other Areas",2010.0,Winter,10.74,9.41,88.59,149.07,
12958,Tamil Nadu,Thoothukudi,"Residential, Rural and other Areas",2011.0,Autumn,7.51,13.28,105.74,,
12959,Tamil Nadu,Thoothukudi,"Residential, Rural and other Areas",2011.0,Spring,12.47,15.52,90.3,,
12960,Tamil Nadu,Thoothukudi,"Residential, Rural and other Areas",2011.0,Summer,9.22,14.65,109.42,,
12961,Tamil Nadu,Thoothukudi,"Residential, Rural and other Areas",2011.0,Winter,7.93,14.57,91.96,,
12962,Tamil Nadu,Thoothukudi,"Residential, Rural and other Areas",2012.0,Autumn,18.65,15.06,132.49,,
12963,Tamil Nadu,Thoothukudi,"Residential, Rural and other Areas",2012.0,Spring,9.88,16.94,118.76,,
12964,Tamil Nadu,Thoothukudi,"Residential, Rural and other Areas",2012.0,Summer,14.57,13.47,121.54,,
12965,Tamil Nadu,Thoothukudi,"Residential, Rural and other Areas",2012.0,Winter,13.07,12.35,95.91,,
12966,Tamil Nadu,Thoothukudi,"Residential, Rural and other Areas",2013.0,Autumn,12.71,18.24,75.51,,
12967,Tamil Nadu,Thoothukudi,"Residential, Rural and other Areas",2013.0,Spring,14.47,19.16,72.42,,
12968,Tamil Nadu,Thoothukudi,"Residential, Rural and other Areas",2013.0,Summer,12.79,18.5,73.25,,
12969,Tamil Nadu,Thoothukudi,"Residential, Rural and other Areas",2013.0,Winter,14.52,15.91,69.18,,
12970,Tamil Nadu,Thoothukudi,"Residential, Rural and other Areas",2014.0,Autumn,11.66,15.22,73.25,,
12971,Tamil Nadu,Thoothukudi,"Residential, Rural and other Areas",2014.0,Spring,12.28,16.87,77.28,,
12972,Tamil Nadu,Thoothukudi,"Residential, Rural and other Areas",2014.0,Summer,12.1,17.6,76.19,,
12973,Tamil Nadu,Thoothukudi,"Residential, Rural and other Areas",2014.0,Winter,11.43,15.89,84.61,,
12974,Tamil Nadu,Thoothukudi,"Residential, Rural and other Areas",2015.0,Autumn,12.6,17.8,104.75,,53.0
12975,Tamil Nadu,Thoothukudi,"Residential, Rural and other Areas",2015.0,Spring,11.84,16.04,71.04,,57.71
12976,Tamil Nadu,Thoothukudi,"Residential, Rural and other Areas",2015.0,Summer,12.94,18.57,104.21,,65.27
12977,Tamil Nadu,Thoothukudi,"Residential, Rural and other Areas",2015.0,Winter,10.73,12.87,53.33,,
13016,Telangana,Hyderabad,Industrial Area,2014.0,Autumn,5.0,28.3,104.91,,
13017,Telangana,Hyderabad,Industrial Area,2014.0,Spring,5.21,25.31,112.26,,
13018,Telangana,Hyderabad,Industrial Area,2014.0,Summer,4.99,26.92,97.25,,
13019,Telangana,Hyderabad,Industrial Area,2014.0,Winter,4.98,24.8,104.52,,
13020,Telangana,Hyderabad,Industrial Area,2015.0,Autumn,3.92,26.66,102.11,,
13021,Telangana,Hyderabad,Industrial Area,2015.0,Spring,4.95,27.44,99.56,,
13022,Telangana,Hyderabad,Industrial Area,2015.0,Summer,4.36,22.32,66.6,,
13023,Telangana,Hyderabad,Industrial Area,2015.0,Winter,4.72,26.15,112.79,,
13024,Telangana,Hyderabad,"Residential, Rural and other Areas",2014.0,Autumn,4.81,24.76,95.31,,
13025,Telangana,Hyderabad,"Residential, Rural and other Areas",2014.0,Spring,5.55,23.17,108.15,,
13026,Telangana,Hyderabad,"Residential, Rural and other Areas",2014.0,Summer,4.92,23.53,81.07,,
13027,Telangana,Hyderabad,"Residential, Rural and other Areas",2014.0,Winter,5.54,22.02,100.95,,
13028,Telangana,Hyderabad,"Residential, Rural and other Areas",2015.0,Autumn,3.77,22.8,101.24,,
13029,Telangana,Hyderabad,"Residential, Rural and other Areas",2015.0,Spring,4.53,24.72,94.01,,
13030,Telangana,Hyderabad,"Residential, Rural and other Areas",2015.0,Summer,3.9,20.52,71.05,,
13031,Telangana,Hyderabad,"Residential, Rural and other Areas",2015.0,Winter,4.38,22.93,103.55,,
13032,Telangana,Hyderabad,Sensitive Area,2014.0,Autumn,4.24,17.95,79.03,,
13033,Telangana,Hyderabad,Sensitive Area,2014.0,Spring,4.08,16.6,83.24,,
13034,Telangana,Hyderabad,Sensitive Area,2014.0,Summer,4.15,16.96,67.59,,
13035,Telangana,Hyderabad,Sensitive Area,2014.0,Winter,4.19,17.12,89.69,,
13036,Telangana,Hyderabad,Sensitive Area,2015.0,Spring,4.89,21.37,80.67,,
13037,Telangana,Hyderabad,Sensitive Area,2015.0,Summer,4.56,15.0,57.78,,
13038,Telangana,Hyderabad,Sensitive Area,2015.0,Winter,4.83,21.06,93.61,,
13039,Telangana,Karimnagar,"Residential, Rural and other Areas",2015.0,Autumn,7.62,18.54,75.19,,
13040,Telangana,Karimnagar,"Residential, Rural and other Areas",2015.0,Spring,5.65,9.39,62.61,,
13041,Telangana,Karimnagar,"Residential, Rural and other Areas",2015.0,Summer,8.5,18.46,50.17,,
13042,Telangana,Karimnagar,"Residential, Rural and other Areas",2015.0,Winter,6.56,13.19,67.85,,
13043,Telangana,Khammam,"Residential, Rural and other Areas",2014.0,Autumn,4.32,13.84,61.27,,
13044,Telangana,Khammam,"Residential, Rural and other Areas",2014.0,Spring,4.71,21.54,55.79,,
13045,Telangana,Khammam,"Residential, Rural and other Areas",2014.0,Summer,4.48,20.04,56.16,,
13046,Telangana,Khammam,"Residential, Rural and other Areas",2014.0,Winter,4.25,14.0,59.95,,
13047,Telangana,Khammam,"Residential, Rural and other Areas",2015.0,Autumn,5.38,12.96,59.46,,
13048,Telangana,Khammam,"Residential, Rural and other Areas",2015.0,Spring,5.07,9.04,56.93,,
13049,Telangana,Khammam,"Residential, Rural and other Areas",2015.0,Summer,5.96,17.15,50.91,,
13050,Telangana,Khammam,"Residential, Rural and other Areas",2015.0,Winter,4.96,10.89,71.56,,
13075,Telangana,Ramagundam,"Residential, Rural and other Areas",2014.0,Autumn,5.48,14.79,54.79,,
13076,Telangana,Ramagundam,"Residential, Rural and other Areas",2014.0,Spring,5.95,14.85,60.35,,
13077,Telangana,Ramagundam,"Residential, Rural and other Areas",2014.0,Summer,6.06,12.17,35.11,,
13078,Telangana,Ramagundam,"Residential, Rural and other Areas",2014.0,Winter,5.62,12.92,76.92,,
13079,Telangana,Ramagundam,"Residential, Rural and other Areas",2015.0,Autumn,8.33,20.46,83.46,,
13080,Telangana,Ramagundam,"Residential, Rural and other Areas",2015.0,Spring,5.32,10.56,63.56,,
13081,Telangana,Ramagundam,"Residential, Rural and other Areas",2015.0,Summer,7.1,15.15,31.55,,
13082,Telangana,Ramagundam,"Residential, Rural and other Areas",2015.0,Winter,5.95,15.0,85.05,,
13095,Telangana,Warangal,"Residential, Rural and other Areas",2014.0,Autumn,4.97,10.83,51.26,,
13096,Telangana,Warangal,"Residential, Rural and other Areas",2014.0,Spring,5.27,11.36,60.0,,
13097,Telangana,Warangal,"Residential, Rural and other Areas",2014.0,Summer,4.61,12.06,41.0,,
13098,Telangana,Warangal,"Residential, Rural and other Areas",2014.0,Winter,5.73,12.53,58.8,,
13099,Telangana,Warangal,"Residential, Rural and other Areas",2015.0,Autumn,5.57,14.61,59.91,,
13100,Telangana,Warangal,"Residential, Rural and other Areas",2015.0,Spring,4.66,9.15,56.74,,
13101,Telangana,Warangal,"Residential, Rural and other Areas",2015.0,Summer,5.36,13.52,48.18,,
13102,Telangana,Warangal,"Residential, Rural and other Areas",2015.0,Winter,5.49,11.23,66.3,,
13143,Uttar Pradesh,Agra,Industrial Area,2001.0,Spring,,,,361.33,
13144,Uttar Pradesh,Agra,Industrial Area,2001.0,Summer,,,,77.0,
13145,Uttar Pradesh,Agra,Industrial Area,2001.0,Winter,,,,418.0,
13146,Uttar Pradesh,Agra,Industrial Area,2002.0,Autumn,4.8,11.3,,445.67,
13147,Uttar Pradesh,Agra,Industrial Area,2002.0,Summer,6.15,10.6,,255.5,
13148,Uttar Pradesh,Agra,Industrial Area,2002.0,Winter,4.6,11.4,,619.0,
13149,Uttar Pradesh,Agra,Industrial Area,2004.0,Autumn,7.61,8.62,214.58,58.85,
13150,Uttar Pradesh,Agra,Industrial Area,2004.0,Spring,7.05,7.64,219.75,18.76,
13151,Uttar Pradesh,Agra,Industrial Area,2004.0,Summer,6.79,6.73,196.33,13.46,
13152,Uttar Pradesh,Agra,Industrial Area,2004.0,Winter,8.06,8.96,247.56,38.8,
13153,Uttar Pradesh,Agra,Industrial Area,2010.0,Autumn,9.56,11.87,171.0,323.94,
13154,Uttar Pradesh,Agra,Industrial Area,2010.0,Spring,10.25,12.29,220.63,423.56,
13155,Uttar Pradesh,Agra,Industrial Area,2010.0,Summer,9.41,10.88,190.96,351.58,
13156,Uttar Pradesh,Agra,Industrial Area,2010.0,Winter,9.91,11.85,200.06,355.31,
13157,Uttar Pradesh,Agra,Industrial Area,2011.0,Autumn,10.55,18.59,196.32,,
13158,Uttar Pradesh,Agra,Industrial Area,2011.0,Spring,12.0,17.35,201.92,,
13159,Uttar Pradesh,Agra,Industrial Area,2011.0,Summer,12.04,17.62,183.0,,
13160,Uttar Pradesh,Agra,Industrial Area,2011.0,Winter,11.46,17.46,178.29,,
13161,Uttar Pradesh,Agra,Industrial Area,2013.0,Autumn,10.27,17.45,242.55,,
13162,Uttar Pradesh,Agra,Industrial Area,2013.0,Spring,11.73,19.05,255.91,,
13163,Uttar Pradesh,Agra,Industrial Area,2013.0,Summer,10.12,17.21,187.44,,
13164,Uttar Pradesh,Agra,Industrial Area,2013.0,Winter,11.05,19.3,241.95,,
13165,Uttar Pradesh,Agra,Industrial Area,2014.0,Autumn,9.61,13.83,218.44,,
13166,Uttar Pradesh,Agra,Industrial Area,2014.0,Spring,9.35,13.35,199.74,,
13167,Uttar Pradesh,Agra,Industrial Area,2014.0,Summer,8.57,13.05,179.09,,
13168,Uttar Pradesh,Agra,Industrial Area,2014.0,Winter,10.06,14.56,210.56,,
13169,Uttar Pradesh,Agra,Industrial Area,2015.0,Autumn,10.1,18.1,273.75,,
13170,Uttar Pradesh,Agra,Industrial Area,2015.0,Spring,8.04,16.83,222.67,,
13171,Uttar Pradesh,Agra,Industrial Area,2015.0,Summer,9.71,18.33,171.6,,
13172,Uttar Pradesh,Agra,Industrial Area,2015.0,Winter,10.7,17.35,243.04,,
13173,Uttar Pradesh,Agra,Industrial Area,2005.0,Autumn,7.8,10.18,160.05,345.25,
13174,Uttar Pradesh,Agra,Industrial Area,2005.0,Spring,7.87,11.79,184.29,394.67,
13175,Uttar Pradesh,Agra,Industrial Area,2005.0,Summer,7.65,10.05,158.77,352.46,
13176,Uttar Pradesh,Agra,Industrial Area,2005.0,Winter,8.17,10.45,170.75,345.67,
13177,Uttar Pradesh,Agra,Industrial Area,2006.0,Autumn,7.81,9.23,159.65,334.9,
13178,Uttar Pradesh,Agra,Industrial Area,2006.0,Spring,7.28,9.33,185.4,368.64,
13179,Uttar Pradesh,Agra,Industrial Area,2006.0,Summer,7.35,9.1,158.08,351.36,
13180,Uttar Pradesh,Agra,Industrial Area,2006.0,Winter,7.47,9.53,168.89,365.78,
13181,Uttar Pradesh,Agra,Industrial Area,2007.0,Autumn,9.9,11.12,183.24,380.73,
13182,Uttar Pradesh,Agra,Industrial Area,2007.0,Spring,9.13,10.69,175.46,361.0,
13183,Uttar Pradesh,Agra,Industrial Area,2007.0,Summer,8.88,10.2,159.0,330.96,
13184,Uttar Pradesh,Agra,Industrial Area,2007.0,Winter,8.66,9.78,177.12,358.0,
13185,Uttar Pradesh,Agra,Industrial Area,2008.0,Autumn,9.78,10.12,223.33,425.52,
13186,Uttar Pradesh,Agra,Industrial Area,2008.0,Spring,10.37,11.13,216.05,439.0,
13187,Uttar Pradesh,Agra,Industrial Area,2008.0,Summer,9.88,9.35,175.0,357.78,
13188,Uttar Pradesh,Agra,Industrial Area,2008.0,Winter,9.77,10.12,193.95,366.75,
13189,Uttar Pradesh,Agra,Industrial Area,2009.0,Autumn,10.25,10.88,213.95,396.41,
13190,Uttar Pradesh,Agra,Industrial Area,2009.0,Spring,9.9,10.64,222.73,424.19,
13191,Uttar Pradesh,Agra,Industrial Area,2009.0,Summer,9.87,10.63,200.42,382.46,
13192,Uttar Pradesh,Agra,Industrial Area,2009.0,Winter,9.9,10.54,208.54,376.38,
13197,Uttar Pradesh,Agra,Residential and others,2005.0,Autumn,7.49,10.53,125.44,289.56,
13198,Uttar Pradesh,Agra,Residential and others,2005.0,Spring,7.32,11.08,143.17,356.58,
13199,Uttar Pradesh,Agra,Residential and others,2005.0,Summer,8.27,10.79,136.2,291.87,
13200,Uttar Pradesh,Agra,Residential and others,2005.0,Winter,7.74,10.8,152.68,362.09,
13201,Uttar Pradesh,Agra,Residential and others,2006.0,Autumn,6.97,8.27,137.71,269.71,
13202,Uttar Pradesh,Agra,Residential and others,2006.0,Spring,7.0,8.5,138.48,279.04,
13203,Uttar Pradesh,Agra,Residential and others,2006.0,Summer,6.92,8.53,138.11,282.89,
13204,Uttar Pradesh,Agra,Residential and others,2006.0,Winter,7.54,9.17,147.67,291.14,
13205,Uttar Pradesh,Agra,Residential and others,2007.0,Autumn,9.51,10.72,175.24,362.96,
13206,Uttar Pradesh,Agra,Residential and others,2007.0,Spring,8.61,9.75,165.92,321.26,
13207,Uttar Pradesh,Agra,Residential and others,2007.0,Summer,8.36,9.51,142.46,286.44,
13208,Uttar Pradesh,Agra,Residential and others,2007.0,Winter,8.59,9.51,150.55,286.26,
13209,Uttar Pradesh,Agra,Residential and others,2008.0,Autumn,9.26,9.67,196.67,360.61,
13210,Uttar Pradesh,Agra,Residential and others,2008.0,Spring,9.37,9.91,199.63,396.47,
13211,Uttar Pradesh,Agra,Residential and others,2008.0,Summer,9.06,9.48,162.04,307.44,
13212,Uttar Pradesh,Agra,Residential and others,2008.0,Winter,9.3,9.79,172.28,347.94,
13213,Uttar Pradesh,Agra,Residential and others,2009.0,Autumn,9.62,10.36,192.8,356.1,
13214,Uttar Pradesh,Agra,Residential and others,2009.0,Spring,9.74,10.52,204.71,397.79,
13215,Uttar Pradesh,Agra,Residential and others,2009.0,Summer,9.59,10.49,174.04,329.52,
13216,Uttar Pradesh,Agra,Residential and others,2009.0,Winter,9.28,9.95,169.19,308.88,
13253,Uttar Pradesh,Agra,"Residential, Rural and other Areas",2001.0,Autumn,12.4,11.1,,415.5,
13254,Uttar Pradesh,Agra,"Residential, Rural and other Areas",2001.0,Spring,11.23,9.2,,576.0,
13255,Uttar Pradesh,Agra,"Residential, Rural and other Areas",2001.0,Summer,10.7,9.37,,345.0,
13256,Uttar Pradesh,Agra,"Residential, Rural and other Areas",2001.0,Winter,10.3,9.35,,606.0,
13257,Uttar Pradesh,Agra,"Residential, Rural and other Areas",2002.0,Autumn,5.1,11.7,,296.67,
13258,Uttar Pradesh,Agra,"Residential, Rural and other Areas",2002.0,Summer,6.23,10.6,,271.67,
13259,Uttar Pradesh,Agra,"Residential, Rural and other Areas",2002.0,Winter,6.3,11.3,,514.0,
13260,Uttar Pradesh,Agra,"Residential, Rural and other Areas",2004.0,Autumn,8.01,8.32,187.32,51.85,
13261,Uttar Pradesh,Agra,"Residential, Rural and other Areas",2004.0,Spring,8.16,8.39,134.0,11.67,
13262,Uttar Pradesh,Agra,"Residential, Rural and other Areas",2004.0,Summer,7.67,7.15,211.75,19.73,
13263,Uttar Pradesh,Agra,"Residential, Rural and other Areas",2004.0,Winter,8.73,8.9,196.0,27.15,
13264,Uttar Pradesh,Agra,"Residential, Rural and other Areas",2010.0,Autumn,9.55,11.39,159.12,274.57,
13265,Uttar Pradesh,Agra,"Residential, Rural and other Areas",2010.0,Spring,9.66,11.52,208.89,377.21,
13266,Uttar Pradesh,Agra,"Residential, Rural and other Areas",2010.0,Summer,9.0,10.66,181.29,321.21,
13267,Uttar Pradesh,Agra,"Residential, Rural and other Areas",2010.0,Winter,8.92,10.73,169.99,288.7,
13268,Uttar Pradesh,Agra,"Residential, Rural and other Areas",2011.0,Autumn,9.38,15.25,172.4,,
13269,Uttar Pradesh,Agra,"Residential, Rural and other Areas",2011.0,Spring,10.12,13.12,164.96,,
13270,Uttar Pradesh,Agra,"Residential, Rural and other Areas",2011.0,Summer,10.8,14.5,145.33,,
13271,Uttar Pradesh,Agra,"Residential, Rural and other Areas",2011.0,Winter,9.5,13.14,160.48,,
13272,Uttar Pradesh,Agra,"Residential, Rural and other Areas",2013.0,Autumn,9.12,14.88,212.19,,
13273,Uttar Pradesh,Agra,"Residential, Rural and other Areas",2013.0,Spring,9.0,16.88,197.64,,
13274,Uttar Pradesh,Agra,"Residential, Rural and other Areas",2013.0,Summer,8.29,14.22,138.0,,
13275,Uttar Pradesh,Agra,"Residential, Rural and other Areas",2013.0,Winter,9.52,16.61,229.22,,
13276,Uttar Pradesh,Agra,"Residential, Rural and other Areas",2014.0,Autumn,6.76,10.82,143.82,,
13277,Uttar Pradesh,Agra,"Residential, Rural and other Areas",2014.0,Spring,6.67,10.29,170.77,,
13278,Uttar Pradesh,Agra,"Residential, Rural and other Areas",2014.0,Summer,6.61,10.43,145.83,,
13279,Uttar Pradesh,Agra,"Residential, Rural and other Areas",2014.0,Winter,7.0,10.69,192.29,,
13280,Uttar Pradesh,Agra,"Residential, Rural and other Areas",2015.0,Autumn,6.67,11.8,204.39,,
13281,Uttar Pradesh,Agra,"Residential, Rural and other Areas",2015.0,Spring,5.59,11.0,171.82,,
13282,Uttar Pradesh,Agra,"Residential, Rural and other Areas",2015.0,Summer,7.61,13.87,104.42,,
13283,Uttar Pradesh,Agra,"Residential, Rural and other Areas",2015.0,Winter,6.94,13.12,208.35,,
13333,Uttar Pradesh,Agra,Sensitive Area,2001.0,Autumn,10.5,8.7,,268.0,
13334,Uttar Pradesh,Agra,Sensitive Area,2001.0,Spring,10.8,8.93,,366.0,
13335,Uttar Pradesh,Agra,Sensitive Area,2001.0,Summer,8.83,7.33,,197.0,
13336,Uttar Pradesh,Agra,Sensitive Area,2001.0,Winter,11.67,10.53,,463.33,
13337,Uttar Pradesh,Agra,Sensitive Area,2011.0,Autumn,2.69,23.72,156.5,,
13338,Uttar Pradesh,Agra,Sensitive Area,2011.0,Spring,3.18,23.76,164.14,,
13339,Uttar Pradesh,Agra,Sensitive Area,2011.0,Summer,2.43,15.87,78.41,,
13340,Uttar Pradesh,Agra,Sensitive Area,2011.0,Winter,3.35,28.86,219.56,,
13341,Uttar Pradesh,Agra,Sensitive Area,2013.0,Autumn,2.63,25.61,175.14,,
13342,Uttar Pradesh,Agra,Sensitive Area,2013.0,Spring,2.84,20.73,190.11,,
13343,Uttar Pradesh,Agra,Sensitive Area,2013.0,Summer,2.9,16.92,108.78,,
13344,Uttar Pradesh,Agra,Sensitive Area,2013.0,Winter,2.61,25.49,196.77,,
13345,Uttar Pradesh,Agra,Sensitive Area,2014.0,Autumn,3.19,24.24,206.45,,
13346,Uttar Pradesh,Agra,Sensitive Area,2014.0,Spring,3.36,19.79,166.41,,
13347,Uttar Pradesh,Agra,Sensitive Area,2014.0,Summer,2.41,15.84,116.5,,
13348,Uttar Pradesh,Agra,Sensitive Area,2014.0,Winter,2.67,20.89,189.85,,
13349,Uttar Pradesh,Agra,Sensitive Area,2015.0,Autumn,2.39,26.4,206.05,,
13350,Uttar Pradesh,Agra,Sensitive Area,2015.0,Spring,2.65,21.12,169.69,,
13351,Uttar Pradesh,Agra,Sensitive Area,2015.0,Summer,2.3,13.33,84.42,,
13352,Uttar Pradesh,Agra,Sensitive Area,2015.0,Winter,2.58,28.68,248.11,,
13353,Uttar Pradesh,Agra,Sensitive Area,2005.0,Autumn,10.16,30.24,216.1,411.73,
13354,Uttar Pradesh,Agra,Sensitive Area,2005.0,Spring,8.62,30.38,138.62,300.6,
13355,Uttar Pradesh,Agra,Sensitive Area,2005.0,Summer,12.41,25.21,108.65,302.34,
13356,Uttar Pradesh,Agra,Sensitive Area,2005.0,Winter,11.0,29.24,236.75,428.08,
13357,Uttar Pradesh,Agra,Sensitive Area,2006.0,Autumn,6.3,26.52,212.32,420.33,
13358,Uttar Pradesh,Agra,Sensitive Area,2006.0,Spring,4.81,22.52,193.81,427.11,
13359,Uttar Pradesh,Agra,Sensitive Area,2006.0,Summer,4.98,18.52,143.81,317.72,
13360,Uttar Pradesh,Agra,Sensitive Area,2006.0,Winter,6.77,29.49,242.3,446.56,
13361,Uttar Pradesh,Agra,Sensitive Area,2007.0,Autumn,5.11,29.54,207.43,414.64,
13362,Uttar Pradesh,Agra,Sensitive Area,2007.0,Spring,4.65,23.89,185.08,397.59,
13363,Uttar Pradesh,Agra,Sensitive Area,2007.0,Summer,5.3,20.43,117.26,269.19,
13364,Uttar Pradesh,Agra,Sensitive Area,2007.0,Winter,6.14,29.28,233.62,402.43,
13365,Uttar Pradesh,Agra,Sensitive Area,2008.0,Autumn,4.99,31.04,210.0,424.62,
13366,Uttar Pradesh,Agra,Sensitive Area,2008.0,Spring,6.56,28.16,203.74,448.79,
13367,Uttar Pradesh,Agra,Sensitive Area,2008.0,Summer,5.83,20.37,119.75,268.37,
13368,Uttar Pradesh,Agra,Sensitive Area,2008.0,Winter,6.79,29.54,229.55,457.95,
13369,Uttar Pradesh,Agra,Sensitive Area,2009.0,Autumn,4.56,28.74,198.5,432.33,
13370,Uttar Pradesh,Agra,Sensitive Area,2009.0,Spring,4.72,22.31,167.97,432.47,
13371,Uttar Pradesh,Agra,Sensitive Area,2009.0,Summer,4.64,18.25,112.64,315.32,
13372,Uttar Pradesh,Agra,Sensitive Area,2009.0,Winter,5.83,27.21,213.26,452.04,
13373,Uttar Pradesh,Allahabad,Residential and others,2007.0,Autumn,23.42,36.41,127.61,293.86,
13374,Uttar Pradesh,Allahabad,Residential and others,2007.0,Spring,16.1,36.66,136.71,300.14,
13375,Uttar Pradesh,Allahabad,Residential and others,2007.0,Summer,21.02,39.99,179.38,392.38,
13376,Uttar Pradesh,Allahabad,Residential and others,2007.0,Winter,13.69,47.42,221.33,431.28,
13377,Uttar Pradesh,Allahabad,Residential and others,2008.0,Autumn,6.13,36.36,184.04,482.71,
13378,Uttar Pradesh,Allahabad,Residential and others,2008.0,Spring,11.79,45.52,194.48,579.4,
13379,Uttar Pradesh,Allahabad,Residential and others,2008.0,Summer,6.31,25.57,116.65,295.37,
13380,Uttar Pradesh,Allahabad,Residential and others,2008.0,Winter,8.69,42.94,240.69,535.14,
13381,Uttar Pradesh,Allahabad,Residential and others,2009.0,Autumn,3.26,20.27,150.04,325.62,
13382,Uttar Pradesh,Allahabad,Residential and others,2009.0,Spring,3.8,23.15,147.38,369.86,
13383,Uttar Pradesh,Allahabad,Residential and others,2009.0,Summer,3.48,15.58,141.35,345.49,
13384,Uttar Pradesh,Allahabad,Residential and others,2009.0,Winter,3.89,37.51,198.92,420.68,
13385,Uttar Pradesh,Allahabad,"Residential, Rural and other Areas",2010.0,Autumn,3.75,26.74,202.5,433.32,
13386,Uttar Pradesh,Allahabad,"Residential, Rural and other Areas",2010.0,Spring,4.69,24.14,245.67,489.64,
13387,Uttar Pradesh,Allahabad,"Residential, Rural and other Areas",2010.0,Summer,3.89,19.67,194.06,407.99,
13388,Uttar Pradesh,Allahabad,"Residential, Rural and other Areas",2010.0,Winter,4.38,26.35,227.95,457.0,
13389,Uttar Pradesh,Allahabad,"Residential, Rural and other Areas",2011.0,Autumn,5.32,23.11,261.03,,
13390,Uttar Pradesh,Allahabad,"Residential, Rural and other Areas",2011.0,Spring,6.69,20.81,258.88,,
13391,Uttar Pradesh,Allahabad,"Residential, Rural and other Areas",2011.0,Summer,4.0,18.66,237.2,,
13392,Uttar Pradesh,Allahabad,"Residential, Rural and other Areas",2011.0,Winter,7.35,24.37,278.53,,
13393,Uttar Pradesh,Allahabad,"Residential, Rural and other Areas",2012.0,Autumn,4.32,34.23,297.31,,
13394,Uttar Pradesh,Allahabad,"Residential, Rural and other Areas",2012.0,Spring,4.63,31.5,326.48,,
13395,Uttar Pradesh,Allahabad,"Residential, Rural and other Areas",2012.0,Summer,3.67,30.77,290.55,,
13396,Uttar Pradesh,Allahabad,"Residential, Rural and other Areas",2012.0,Winter,4.16,30.25,357.8,,
13397,Uttar Pradesh,Allahabad,"Residential, Rural and other Areas",2013.0,Autumn,5.07,23.73,237.88,,
13398,Uttar Pradesh,Allahabad,"Residential, Rural and other Areas",2013.0,Spring,4.75,33.46,213.96,,
13399,Uttar Pradesh,Allahabad,"Residential, Rural and other Areas",2013.0,Summer,4.17,25.06,222.08,,
13400,Uttar Pradesh,Allahabad,"Residential, Rural and other Areas",2013.0,Winter,5.15,33.62,265.71,,
13401,Uttar Pradesh,Allahabad,"Residential, Rural and other Areas",2014.0,Autumn,3.42,30.06,237.82,,
13402,Uttar Pradesh,Allahabad,"Residential, Rural and other Areas",2014.0,Spring,4.35,26.56,252.2,,
13403,Uttar Pradesh,Allahabad,"Residential, Rural and other Areas",2014.0,Summer,3.98,23.6,251.56,,
13404,Uttar Pradesh,Allahabad,"Residential, Rural and other Areas",2014.0,Winter,4.25,30.63,256.93,,
13405,Uttar Pradesh,Allahabad,"Residential, Rural and other Areas",2015.0,Autumn,3.38,29.83,252.35,,
13406,Uttar Pradesh,Allahabad,"Residential, Rural and other Areas",2015.0,Spring,4.04,26.48,237.33,,
13407,Uttar Pradesh,Allahabad,"Residential, Rural and other Areas",2015.0,Summer,4.54,17.3,262.74,,
13408,Uttar Pradesh,Allahabad,"Residential, Rural and other Areas",2015.0,Winter,2.97,36.05,249.52,,
13627,Uttar Pradesh,Firozabad,Industrial Area,2004.0,Autumn,22.02,28.22,,25.11,
13628,Uttar Pradesh,Firozabad,Industrial Area,2004.0,Spring,22.5,37.0,,33.5,
13629,Uttar Pradesh,Firozabad,Industrial Area,2004.0,Summer,22.03,37.63,,30.0,
13630,Uttar Pradesh,Firozabad,Industrial Area,2004.0,Winter,34.96,41.39,,38.12,
13631,Uttar Pradesh,Firozabad,Industrial Area,2010.0,Autumn,14.06,35.49,200.6,397.9,
13632,Uttar Pradesh,Firozabad,Industrial Area,2010.0,Spring,19.49,36.01,271.74,534.83,
13633,Uttar Pradesh,Firozabad,Industrial Area,2010.0,Summer,14.39,31.7,164.79,331.19,
13634,Uttar Pradesh,Firozabad,Industrial Area,2010.0,Winter,19.24,35.82,260.27,510.37,
13635,Uttar Pradesh,Firozabad,Industrial Area,2013.0,Autumn,13.18,32.32,283.5,,
13636,Uttar Pradesh,Firozabad,Industrial Area,2013.0,Spring,13.41,34.89,293.85,,
13637,Uttar Pradesh,Firozabad,Industrial Area,2013.0,Summer,11.64,28.88,186.36,,
13638,Uttar Pradesh,Firozabad,Industrial Area,2013.0,Winter,13.72,33.8,305.8,,
13639,Uttar Pradesh,Firozabad,Industrial Area,2014.0,Autumn,12.04,21.96,70.44,,
13640,Uttar Pradesh,Firozabad,Industrial Area,2014.0,Spring,14.78,24.33,87.59,,
13641,Uttar Pradesh,Firozabad,Industrial Area,2014.0,Summer,12.44,22.12,73.6,,
13642,Uttar Pradesh,Firozabad,Industrial Area,2014.0,Winter,12.0,21.46,68.42,,
13643,Uttar Pradesh,Firozabad,Industrial Area,2015.0,Autumn,8.94,30.61,192.5,,
13644,Uttar Pradesh,Firozabad,Industrial Area,2015.0,Spring,8.96,28.15,192.38,,
13645,Uttar Pradesh,Firozabad,Industrial Area,2015.0,Summer,7.85,27.58,155.73,,
13646,Uttar Pradesh,Firozabad,Industrial Area,2015.0,Winter,10.15,31.96,226.96,,
13647,Uttar Pradesh,Firozabad,Industrial Area,2005.0,Autumn,15.32,25.32,,377.27,
13648,Uttar Pradesh,Firozabad,Industrial Area,2005.0,Spring,16.0,30.4,178.0,415.6,
13649,Uttar Pradesh,Firozabad,Industrial Area,2005.0,Summer,18.29,25.67,,294.29,
13650,Uttar Pradesh,Firozabad,Industrial Area,2005.0,Winter,18.75,30.92,,441.25,
13651,Uttar Pradesh,Firozabad,Industrial Area,2006.0,Autumn,21.05,36.12,,472.91,
13652,Uttar Pradesh,Firozabad,Industrial Area,2006.0,Spring,21.48,31.74,,446.64,
13653,Uttar Pradesh,Firozabad,Industrial Area,2006.0,Summer,20.01,30.96,,388.07,
13654,Uttar Pradesh,Firozabad,Industrial Area,2006.0,Winter,25.17,41.41,,542.48,
13655,Uttar Pradesh,Firozabad,Industrial Area,2007.0,Autumn,23.92,36.79,238.46,480.96,
13656,Uttar Pradesh,Firozabad,Industrial Area,2007.0,Spring,21.02,34.1,206.65,527.42,
13657,Uttar Pradesh,Firozabad,Industrial Area,2007.0,Summer,19.56,32.55,147.25,377.95,
13658,Uttar Pradesh,Firozabad,Industrial Area,2007.0,Winter,25.43,41.06,231.62,556.33,
13659,Uttar Pradesh,Firozabad,Industrial Area,2008.0,Autumn,24.82,36.48,239.9,491.1,
13660,Uttar Pradesh,Firozabad,Industrial Area,2008.0,Spring,24.81,35.31,253.71,555.36,
13661,Uttar Pradesh,Firozabad,Industrial Area,2008.0,Summer,21.74,31.12,177.21,392.89,
13662,Uttar Pradesh,Firozabad,Industrial Area,2008.0,Winter,28.17,39.39,282.67,593.22,
13663,Uttar Pradesh,Firozabad,Industrial Area,2009.0,Autumn,21.11,31.28,217.16,408.92,
13664,Uttar Pradesh,Firozabad,Industrial Area,2009.0,Spring,26.02,35.91,201.6,432.32,
13665,Uttar Pradesh,Firozabad,Industrial Area,2009.0,Summer,20.6,30.99,144.6,305.44,
13666,Uttar Pradesh,Firozabad,Industrial Area,2009.0,Winter,26.02,35.87,230.06,463.56,
13667,Uttar Pradesh,Firozabad,Residential and others,2005.0,Autumn,16.67,23.82,,352.82,
13668,Uttar Pradesh,Firozabad,Residential and others,2005.0,Spring,15.75,29.0,,332.83,
13669,Uttar Pradesh,Firozabad,Residential and others,2005.0,Summer,17.02,25.52,71.17,275.82,
13670,Uttar Pradesh,Firozabad,Residential and others,2005.0,Winter,19.23,30.86,178.0,432.41,
13671,Uttar Pradesh,Firozabad,Residential and others,2006.0,Autumn,18.27,30.74,,413.37,
13672,Uttar Pradesh,Firozabad,Residential and others,2006.0,Spring,18.07,27.21,,392.6,
13673,Uttar Pradesh,Firozabad,Residential and others,2006.0,Summer,15.83,24.62,,302.86,
13674,Uttar Pradesh,Firozabad,Residential and others,2006.0,Winter,19.49,31.48,,410.86,
13675,Uttar Pradesh,Firozabad,Residential and others,2007.0,Autumn,19.91,30.7,187.98,393.2,
13676,Uttar Pradesh,Firozabad,Residential and others,2007.0,Spring,18.36,28.75,181.11,415.29,
13677,Uttar Pradesh,Firozabad,Residential and others,2007.0,Summer,17.34,25.4,126.43,327.67,
13678,Uttar Pradesh,Firozabad,Residential and others,2007.0,Winter,20.46,30.97,206.7,418.6,
13679,Uttar Pradesh,Firozabad,Residential and others,2008.0,Autumn,20.25,30.07,208.77,422.85,
13680,Uttar Pradesh,Firozabad,Residential and others,2008.0,Spring,22.42,30.82,231.06,502.65,
13681,Uttar Pradesh,Firozabad,Residential and others,2008.0,Summer,17.15,25.36,136.9,310.88,
13682,Uttar Pradesh,Firozabad,Residential and others,2008.0,Winter,24.68,34.95,269.89,552.59,
13683,Uttar Pradesh,Firozabad,Residential and others,2009.0,Autumn,18.73,29.65,203.09,375.32,
13684,Uttar Pradesh,Firozabad,Residential and others,2009.0,Spring,22.11,32.74,193.02,396.7,
13685,Uttar Pradesh,Firozabad,Residential and others,2009.0,Summer,18.15,28.67,130.73,266.93,
13686,Uttar Pradesh,Firozabad,Residential and others,2009.0,Winter,23.08,33.92,206.89,413.26,
13687,Uttar Pradesh,Firozabad,"Residential, Rural and other Areas",2004.0,Autumn,18.44,26.23,,22.4,
13688,Uttar Pradesh,Firozabad,"Residential, Rural and other Areas",2004.0,Spring,17.62,36.06,,27.0,
13689,Uttar Pradesh,Firozabad,"Residential, Rural and other Areas",2004.0,Summer,20.38,30.99,,26.0,
13690,Uttar Pradesh,Firozabad,"Residential, Rural and other Areas",2004.0,Winter,23.53,37.17,,30.35,
13691,Uttar Pradesh,Firozabad,"Residential, Rural and other Areas",2010.0,Autumn,12.52,33.06,177.12,353.83,
13692,Uttar Pradesh,Firozabad,"Residential, Rural and other Areas",2010.0,Spring,19.0,33.98,255.73,505.74,
13693,Uttar Pradesh,Firozabad,"Residential, Rural and other Areas",2010.0,Summer,14.13,30.19,166.34,344.2,
13694,Uttar Pradesh,Firozabad,"Residential, Rural and other Areas",2010.0,Winter,16.53,33.06,233.33,456.27,
13695,Uttar Pradesh,Firozabad,"Residential, Rural and other Areas",2013.0,Autumn,12.82,31.13,280.0,,
13696,Uttar Pradesh,Firozabad,"Residential, Rural and other Areas",2013.0,Spring,12.26,32.58,252.94,,
13697,Uttar Pradesh,Firozabad,"Residential, Rural and other Areas",2013.0,Summer,10.59,27.2,151.1,,
13698,Uttar Pradesh,Firozabad,"Residential, Rural and other Areas",2013.0,Winter,14.35,33.77,258.79,,
13699,Uttar Pradesh,Firozabad,"Residential, Rural and other Areas",2014.0,Autumn,11.29,27.16,175.86,,
13700,Uttar Pradesh,Firozabad,"Residential, Rural and other Areas",2014.0,Spring,13.55,28.41,204.76,,
13701,Uttar Pradesh,Firozabad,"Residential, Rural and other Areas",2014.0,Summer,11.49,26.58,173.53,,
13702,Uttar Pradesh,Firozabad,"Residential, Rural and other Areas",2014.0,Winter,11.64,25.88,169.18,,
13703,Uttar Pradesh,Firozabad,"Residential, Rural and other Areas",2015.0,Autumn,9.51,31.06,208.11,,
13704,Uttar Pradesh,Firozabad,"Residential, Rural and other Areas",2015.0,Spring,8.87,28.37,193.37,,
13705,Uttar Pradesh,Firozabad,"Residential, Rural and other Areas",2015.0,Summer,7.83,27.34,153.02,,
13706,Uttar Pradesh,Firozabad,"Residential, Rural and other Areas",2015.0,Winter,9.88,32.31,232.98,,
13942,Uttar Pradesh,Gorakhpur,Industrial Area,2011.0,Autumn,21.0,48.65,65.3,,
13943,Uttar Pradesh,Gorakhpur,Industrial Area,2011.0,Spring,21.75,46.25,65.25,,
13944,Uttar Pradesh,Gorakhpur,Industrial Area,2011.0,Summer,24.0,47.0,65.0,,
13945,Uttar Pradesh,Gorakhpur,Industrial Area,2011.0,Winter,23.0,52.78,79.0,,
13946,Uttar Pradesh,Gorakhpur,Industrial Area,2012.0,Autumn,22.26,54.87,143.04,,
13947,Uttar Pradesh,Gorakhpur,Industrial Area,2012.0,Spring,22.8,48.96,146.0,,
13948,Uttar Pradesh,Gorakhpur,Industrial Area,2012.0,Summer,21.92,39.29,140.92,,
13949,Uttar Pradesh,Gorakhpur,Industrial Area,2012.0,Winter,22.75,41.81,161.0,,
13950,Uttar Pradesh,Gorakhpur,Industrial Area,2015.0,Autumn,27.27,48.62,192.04,,
13951,Uttar Pradesh,Gorakhpur,Industrial Area,2015.0,Spring,24.62,42.88,159.04,,
13952,Uttar Pradesh,Gorakhpur,Industrial Area,2015.0,Summer,24.07,37.63,157.41,,
13953,Uttar Pradesh,Gorakhpur,Industrial Area,2015.0,Winter,24.65,43.19,175.96,,
13954,Uttar Pradesh,Gorakhpur,"Residential, Rural and other Areas",2011.0,Autumn,19.35,33.8,47.55,,
13955,Uttar Pradesh,Gorakhpur,"Residential, Rural and other Areas",2011.0,Spring,21.17,37.67,57.67,,
13956,Uttar Pradesh,Gorakhpur,"Residential, Rural and other Areas",2011.0,Summer,20.0,35.4,52.0,,
13957,Uttar Pradesh,Gorakhpur,"Residential, Rural and other Areas",2011.0,Winter,23.67,40.83,72.62,,
13958,Uttar Pradesh,Gorakhpur,"Residential, Rural and other Areas",2012.0,Autumn,17.09,30.22,108.91,,
13959,Uttar Pradesh,Gorakhpur,"Residential, Rural and other Areas",2012.0,Spring,19.56,35.73,120.34,,
13960,Uttar Pradesh,Gorakhpur,"Residential, Rural and other Areas",2012.0,Summer,14.17,25.26,103.79,,
13961,Uttar Pradesh,Gorakhpur,"Residential, Rural and other Areas",2012.0,Winter,15.64,30.14,123.5,,
13962,Uttar Pradesh,Gorakhpur,"Residential, Rural and other Areas",2015.0,Autumn,14.48,29.02,131.29,,
13963,Uttar Pradesh,Gorakhpur,"Residential, Rural and other Areas",2015.0,Spring,15.35,27.63,127.69,,
13964,Uttar Pradesh,Gorakhpur,"Residential, Rural and other Areas",2015.0,Summer,14.67,24.74,106.04,,
13965,Uttar Pradesh,Gorakhpur,"Residential, Rural and other Areas",2015.0,Winter,14.52,27.15,129.29,,
13966,Uttar Pradesh,Jhansi,Residential and others,2006.0,Autumn,7.05,18.29,127.59,234.49,
13967,Uttar Pradesh,Jhansi,Residential and others,2006.0,Spring,7.15,16.05,152.58,278.18,
13968,Uttar Pradesh,Jhansi,Residential and others,2006.0,Summer,6.57,14.03,133.48,262.61,
13969,Uttar Pradesh,Jhansi,Residential and others,2006.0,Winter,7.04,20.6,184.11,363.34,
13970,Uttar Pradesh,Jhansi,Residential and others,2007.0,Autumn,8.72,28.6,127.94,291.27,
13971,Uttar Pradesh,Jhansi,Residential and others,2007.0,Spring,8.32,28.01,183.62,407.16,
13972,Uttar Pradesh,Jhansi,Residential and others,2007.0,Summer,8.21,27.89,169.43,371.27,
13973,Uttar Pradesh,Jhansi,Residential and others,2007.0,Winter,8.31,28.27,175.0,395.97,
13974,Uttar Pradesh,Jhansi,Residential and others,2008.0,Autumn,8.26,25.84,111.56,219.6,
13975,Uttar Pradesh,Jhansi,Residential and others,2008.0,Spring,8.78,28.36,169.64,369.41,
13976,Uttar Pradesh,Jhansi,Residential and others,2008.0,Summer,7.32,26.43,113.52,203.89,
13977,Uttar Pradesh,Jhansi,Residential and others,2008.0,Winter,8.94,28.03,120.74,262.91,
13978,Uttar Pradesh,Jhansi,Residential and others,2009.0,Autumn,8.64,27.46,128.95,265.38,
13979,Uttar Pradesh,Jhansi,Residential and others,2009.0,Spring,8.86,27.93,133.47,277.84,
13980,Uttar Pradesh,Jhansi,Residential and others,2009.0,Summer,7.59,26.3,119.7,252.06,
13981,Uttar Pradesh,Jhansi,Residential and others,2009.0,Winter,9.34,27.94,124.74,258.71,
13982,Uttar Pradesh,Jhansi,"Residential, Rural and other Areas",2010.0,Autumn,8.35,25.28,119.43,247.42,
13983,Uttar Pradesh,Jhansi,"Residential, Rural and other Areas",2010.0,Spring,9.42,26.87,124.81,259.06,
13984,Uttar Pradesh,Jhansi,"Residential, Rural and other Areas",2010.0,Summer,7.84,22.43,110.97,232.16,
13985,Uttar Pradesh,Jhansi,"Residential, Rural and other Areas",2010.0,Winter,8.65,26.06,116.79,248.76,
13986,Uttar Pradesh,Jhansi,"Residential, Rural and other Areas",2011.0,Autumn,8.32,22.61,119.85,247.0,
13987,Uttar Pradesh,Jhansi,"Residential, Rural and other Areas",2011.0,Spring,8.59,25.13,121.04,251.81,
13988,Uttar Pradesh,Jhansi,"Residential, Rural and other Areas",2011.0,Summer,7.65,21.02,107.21,224.97,
13989,Uttar Pradesh,Jhansi,"Residential, Rural and other Areas",2011.0,Winter,9.04,25.88,124.72,261.54,
13990,Uttar Pradesh,Jhansi,"Residential, Rural and other Areas",2013.0,Autumn,6.8,18.7,101.48,,
13991,Uttar Pradesh,Jhansi,"Residential, Rural and other Areas",2013.0,Spring,7.49,21.6,114.38,,
13992,Uttar Pradesh,Jhansi,"Residential, Rural and other Areas",2013.0,Summer,6.02,17.48,78.52,,
13993,Uttar Pradesh,Jhansi,"Residential, Rural and other Areas",2013.0,Winter,7.3,20.7,108.54,,
13994,Uttar Pradesh,Jhansi,"Residential, Rural and other Areas",2014.0,Autumn,7.67,21.11,110.89,,
13995,Uttar Pradesh,Jhansi,"Residential, Rural and other Areas",2014.0,Spring,7.65,22.21,107.12,,
13996,Uttar Pradesh,Jhansi,"Residential, Rural and other Areas",2014.0,Summer,7.89,20.94,108.67,,
13997,Uttar Pradesh,Jhansi,"Residential, Rural and other Areas",2014.0,Winter,7.47,20.6,94.87,,
13998,Uttar Pradesh,Jhansi,"Residential, Rural and other Areas",2015.0,Autumn,8.94,23.92,129.03,,
13999,Uttar Pradesh,Jhansi,"Residential, Rural and other Areas",2015.0,Spring,7.55,20.66,124.8,,
14000,Uttar Pradesh,Jhansi,"Residential, Rural and other Areas",2015.0,Summer,6.98,21.0,107.91,,
14001,Uttar Pradesh,Jhansi,"Residential, Rural and other Areas",2015.0,Winter,7.91,23.78,116.46,,
14044,Uttar Pradesh,Kanpur,Industrial Area,2001.0,Autumn,17.5,25.93,,505.33,
14045,Uttar Pradesh,Kanpur,Industrial Area,2001.0,Spring,18.88,28.53,,496.5,
14046,Uttar Pradesh,Kanpur,Industrial Area,2001.0,Summer,15.35,24.3,,292.17,
14047,Uttar Pradesh,Kanpur,Industrial Area,2001.0,Winter,19.53,29.05,,552.5,
14048,Uttar Pradesh,Kanpur,Industrial Area,2002.0,Autumn,9.48,23.75,,407.83,
14049,Uttar Pradesh,Kanpur,Industrial Area,2002.0,Spring,10.88,23.08,,416.17,
14050,Uttar Pradesh,Kanpur,Industrial Area,2002.0,Summer,10.72,25.62,,383.5,
14051,Uttar Pradesh,Kanpur,Industrial Area,2002.0,Winter,10.38,23.63,,472.17,
14052,Uttar Pradesh,Kanpur,Industrial Area,2004.0,Autumn,10.29,19.03,187.09,307.43,
14053,Uttar Pradesh,Kanpur,Industrial Area,2004.0,Spring,7.78,18.0,213.26,340.37,
14054,Uttar Pradesh,Kanpur,Industrial Area,2004.0,Summer,8.58,21.22,169.78,260.03,
14055,Uttar Pradesh,Kanpur,Industrial Area,2004.0,Winter,10.23,20.27,209.73,338.23,
14056,Uttar Pradesh,Kanpur,Industrial Area,2010.0,Autumn,7.59,34.18,204.66,454.18,
14057,Uttar Pradesh,Kanpur,Industrial Area,2010.0,Spring,7.74,34.87,221.75,496.27,
14058,Uttar Pradesh,Kanpur,Industrial Area,2010.0,Summer,7.53,33.96,190.45,439.86,
14059,Uttar Pradesh,Kanpur,Industrial Area,2010.0,Winter,7.38,35.26,210.1,473.48,
14060,Uttar Pradesh,Kanpur,Industrial Area,2011.0,Autumn,7.56,35.72,216.11,,
14061,Uttar Pradesh,Kanpur,Industrial Area,2011.0,Spring,7.86,39.21,214.57,,
14062,Uttar Pradesh,Kanpur,Industrial Area,2011.0,Summer,7.5,37.96,200.5,,
14063,Uttar Pradesh,Kanpur,Industrial Area,2011.0,Winter,8.09,38.13,213.52,,
14064,Uttar Pradesh,Kanpur,Industrial Area,2012.0,Autumn,7.37,38.8,200.62,,
14065,Uttar Pradesh,Kanpur,Industrial Area,2012.0,Spring,7.98,38.75,210.37,,
14066,Uttar Pradesh,Kanpur,Industrial Area,2012.0,Summer,7.55,38.11,208.7,,
14067,Uttar Pradesh,Kanpur,Industrial Area,2012.0,Winter,7.55,38.56,206.83,,
14068,Uttar Pradesh,Kanpur,Industrial Area,2013.0,Autumn,6.36,34.42,202.48,,
14069,Uttar Pradesh,Kanpur,Industrial Area,2013.0,Spring,7.56,38.27,200.97,,
14070,Uttar Pradesh,Kanpur,Industrial Area,2013.0,Summer,6.8,32.85,191.63,,
14071,Uttar Pradesh,Kanpur,Industrial Area,2013.0,Winter,7.3,40.85,208.95,,
14072,Uttar Pradesh,Kanpur,Industrial Area,2014.0,Autumn,6.64,33.25,200.98,,
14073,Uttar Pradesh,Kanpur,Industrial Area,2014.0,Spring,6.97,36.73,210.66,,
14074,Uttar Pradesh,Kanpur,Industrial Area,2014.0,Summer,6.94,35.67,207.36,,
14075,Uttar Pradesh,Kanpur,Industrial Area,2014.0,Winter,7.03,36.54,207.04,,
14076,Uttar Pradesh,Kanpur,Industrial Area,2015.0,Autumn,7.03,39.23,208.86,,
14077,Uttar Pradesh,Kanpur,Industrial Area,2015.0,Spring,6.95,40.2,211.39,,
14078,Uttar Pradesh,Kanpur,Industrial Area,2015.0,Summer,6.74,38.14,199.43,,
14079,Uttar Pradesh,Kanpur,Industrial Area,2015.0,Winter,7.16,40.2,215.0,,
14080,Uttar Pradesh,Kanpur,Industrial Area,2005.0,Autumn,8.13,19.43,174.61,397.0,
14081,Uttar Pradesh,Kanpur,Industrial Area,2005.0,Spring,8.99,20.47,215.78,466.25,
14082,Uttar Pradesh,Kanpur,Industrial Area,2005.0,Summer,8.4,19.74,197.65,416.32,
14083,Uttar Pradesh,Kanpur,Industrial Area,2005.0,Winter,9.32,18.66,202.8,439.49,
14084,Uttar Pradesh,Kanpur,Industrial Area,2006.0,Autumn,7.36,21.69,202.05,448.0,
14085,Uttar Pradesh,Kanpur,Industrial Area,2006.0,Spring,6.77,20.73,176.76,363.41,
14086,Uttar Pradesh,Kanpur,Industrial Area,2006.0,Summer,7.14,20.78,193.08,407.35,
14087,Uttar Pradesh,Kanpur,Industrial Area,2006.0,Winter,7.49,22.04,213.57,456.47,
14088,Uttar Pradesh,Kanpur,Industrial Area,2007.0,Autumn,6.87,23.12,206.97,467.57,
14089,Uttar Pradesh,Kanpur,Industrial Area,2007.0,Spring,6.9,25.6,198.39,484.09,
14090,Uttar Pradesh,Kanpur,Industrial Area,2007.0,Summer,6.42,22.14,175.3,403.72,
14091,Uttar Pradesh,Kanpur,Industrial Area,2007.0,Winter,7.34,25.07,223.32,506.23,
14092,Uttar Pradesh,Kanpur,Industrial Area,2008.0,Autumn,6.97,23.67,209.39,463.45,
14093,Uttar Pradesh,Kanpur,Industrial Area,2008.0,Spring,7.11,24.6,226.91,502.72,
14094,Uttar Pradesh,Kanpur,Industrial Area,2008.0,Summer,6.55,22.99,195.24,436.85,
14095,Uttar Pradesh,Kanpur,Industrial Area,2008.0,Winter,7.46,25.67,230.08,514.14,
14096,Uttar Pradesh,Kanpur,Industrial Area,2009.0,Autumn,7.04,28.95,200.72,455.56,
14097,Uttar Pradesh,Kanpur,Industrial Area,2009.0,Spring,7.98,32.03,222.64,508.96,
14098,Uttar Pradesh,Kanpur,Industrial Area,2009.0,Summer,7.89,31.65,210.8,484.02,
14099,Uttar Pradesh,Kanpur,Industrial Area,2009.0,Winter,8.06,32.5,227.44,519.16,
14100,Uttar Pradesh,Kanpur,Residential and others,2005.0,Autumn,7.31,21.97,186.43,352.19,
14101,Uttar Pradesh,Kanpur,Residential and others,2005.0,Spring,8.14,19.72,171.17,349.08,
14102,Uttar Pradesh,Kanpur,Residential and others,2005.0,Summer,7.66,19.84,158.65,314.52,
14103,Uttar Pradesh,Kanpur,Residential and others,2005.0,Winter,8.24,18.54,207.32,399.13,
14104,Uttar Pradesh,Kanpur,Residential and others,2006.0,Autumn,5.52,20.7,187.12,426.83,
14105,Uttar Pradesh,Kanpur,Residential and others,2006.0,Spring,5.74,21.01,177.97,363.05,
14106,Uttar Pradesh,Kanpur,Residential and others,2006.0,Summer,5.59,20.18,162.34,345.06,
14107,Uttar Pradesh,Kanpur,Residential and others,2006.0,Winter,5.94,21.49,212.6,405.55,
14108,Uttar Pradesh,Kanpur,Residential and others,2007.0,Autumn,6.07,20.54,170.58,387.08,
14109,Uttar Pradesh,Kanpur,Residential and others,2007.0,Spring,5.89,22.4,168.69,399.42,
14110,Uttar Pradesh,Kanpur,Residential and others,2007.0,Summer,5.34,18.49,128.64,299.22,
14111,Uttar Pradesh,Kanpur,Residential and others,2007.0,Winter,6.64,23.47,180.82,409.31,
14112,Uttar Pradesh,Kanpur,Residential and others,2008.0,Autumn,6.54,22.68,199.07,455.82,
14113,Uttar Pradesh,Kanpur,Residential and others,2008.0,Spring,6.85,23.81,218.97,501.18,
14114,Uttar Pradesh,Kanpur,Residential and others,2008.0,Summer,6.4,21.81,186.83,423.17,
14115,Uttar Pradesh,Kanpur,Residential and others,2008.0,Winter,7.27,24.99,226.39,504.87,
14116,Uttar Pradesh,Kanpur,Residential and others,2009.0,Autumn,7.11,30.41,196.75,452.11,
14117,Uttar Pradesh,Kanpur,Residential and others,2009.0,Spring,7.88,31.19,213.49,494.97,
14118,Uttar Pradesh,Kanpur,Residential and others,2009.0,Summer,7.17,28.77,202.58,464.66,
14119,Uttar Pradesh,Kanpur,Residential and others,2009.0,Winter,8.04,31.71,223.67,514.33,
14163,Uttar Pradesh,Kanpur,"Residential, Rural and other Areas",2001.0,Autumn,15.29,26.98,,396.22,
14164,Uttar Pradesh,Kanpur,"Residential, Rural and other Areas",2001.0,Spring,17.97,30.57,,419.78,
14165,Uttar Pradesh,Kanpur,"Residential, Rural and other Areas",2001.0,Summer,14.34,26.36,,247.0,
14166,Uttar Pradesh,Kanpur,"Residential, Rural and other Areas",2001.0,Winter,18.8,28.91,,440.0,
14167,Uttar Pradesh,Kanpur,"Residential, Rural and other Areas",2002.0,Autumn,10.57,23.01,,313.67,
14168,Uttar Pradesh,Kanpur,"Residential, Rural and other Areas",2002.0,Spring,11.01,24.47,,384.11,
14169,Uttar Pradesh,Kanpur,"Residential, Rural and other Areas",2002.0,Summer,11.13,26.93,,343.78,
14170,Uttar Pradesh,Kanpur,"Residential, Rural and other Areas",2002.0,Winter,10.97,25.66,,392.78,
14171,Uttar Pradesh,Kanpur,"Residential, Rural and other Areas",2004.0,Autumn,10.23,20.87,179.37,283.37,
14172,Uttar Pradesh,Kanpur,"Residential, Rural and other Areas",2004.0,Spring,8.19,19.83,193.67,318.86,
14173,Uttar Pradesh,Kanpur,"Residential, Rural and other Areas",2004.0,Summer,9.19,19.94,162.61,262.35,
14174,Uttar Pradesh,Kanpur,"Residential, Rural and other Areas",2004.0,Winter,10.66,20.49,194.62,322.38,
14175,Uttar Pradesh,Kanpur,"Residential, Rural and other Areas",2010.0,Autumn,7.23,32.41,195.93,442.4,
14176,Uttar Pradesh,Kanpur,"Residential, Rural and other Areas",2010.0,Spring,7.41,34.09,209.33,477.82,
14177,Uttar Pradesh,Kanpur,"Residential, Rural and other Areas",2010.0,Summer,7.68,33.46,191.49,435.92,
14178,Uttar Pradesh,Kanpur,"Residential, Rural and other Areas",2010.0,Winter,7.18,34.37,207.38,474.77,
14179,Uttar Pradesh,Kanpur,"Residential, Rural and other Areas",2011.0,Autumn,8.11,36.73,184.92,,
14180,Uttar Pradesh,Kanpur,"Residential, Rural and other Areas",2011.0,Spring,6.88,30.7,161.27,,
14181,Uttar Pradesh,Kanpur,"Residential, Rural and other Areas",2011.0,Summer,6.22,25.84,123.2,,
14182,Uttar Pradesh,Kanpur,"Residential, Rural and other Areas",2011.0,Winter,8.55,33.18,194.85,,
14183,Uttar Pradesh,Kanpur,"Residential, Rural and other Areas",2012.0,Autumn,6.38,31.31,220.12,,
14184,Uttar Pradesh,Kanpur,"Residential, Rural and other Areas",2012.0,Spring,8.82,31.72,233.45,,
14185,Uttar Pradesh,Kanpur,"Residential, Rural and other Areas",2012.0,Summer,6.83,26.73,173.27,,
14186,Uttar Pradesh,Kanpur,"Residential, Rural and other Areas",2012.0,Winter,8.96,35.3,235.02,,
14187,Uttar Pradesh,Kanpur,"Residential, Rural and other Areas",2013.0,Autumn,6.54,32.02,220.35,,
14188,Uttar Pradesh,Kanpur,"Residential, Rural and other Areas",2013.0,Spring,6.0,29.21,199.4,,
14189,Uttar Pradesh,Kanpur,"Residential, Rural and other Areas",2013.0,Summer,6.07,25.07,149.07,,
14190,Uttar Pradesh,Kanpur,"Residential, Rural and other Areas",2013.0,Winter,7.94,33.15,230.89,,
14191,Uttar Pradesh,Kanpur,"Residential, Rural and other Areas",2014.0,Autumn,4.72,37.43,218.23,,
14192,Uttar Pradesh,Kanpur,"Residential, Rural and other Areas",2014.0,Spring,5.34,31.45,191.16,,
14193,Uttar Pradesh,Kanpur,"Residential, Rural and other Areas",2014.0,Summer,5.29,31.48,166.71,,
14194,Uttar Pradesh,Kanpur,"Residential, Rural and other Areas",2014.0,Winter,5.04,34.44,207.14,,
14195,Uttar Pradesh,Kanpur,"Residential, Rural and other Areas",2015.0,Autumn,5.97,34.72,199.71,,
14196,Uttar Pradesh,Kanpur,"Residential, Rural and other Areas",2015.0,Spring,5.87,35.32,191.75,,
14197,Uttar Pradesh,Kanpur,"Residential, Rural and other Areas",2015.0,Summer,5.54,29.31,137.83,,
14198,Uttar Pradesh,Kanpur,"Residential, Rural and other Areas",2015.0,Winter,5.57,36.82,235.75,,
14278,Uttar Pradesh,Lucknow,Industrial Area,2004.0,Autumn,14.55,31.19,178.67,291.0,
14279,Uttar Pradesh,Lucknow,Industrial Area,2004.0,Spring,11.72,23.42,135.0,221.78,
14280,Uttar Pradesh,Lucknow,Industrial Area,2004.0,Summer,12.75,26.97,153.64,258.24,
14281,Uttar Pradesh,Lucknow,Industrial Area,2004.0,Winter,14.49,25.53,155.33,251.9,
14282,Uttar Pradesh,Lucknow,Industrial Area,2010.0,Autumn,8.66,34.73,196.7,403.4,
14283,Uttar Pradesh,Lucknow,Industrial Area,2010.0,Spring,8.79,37.65,213.03,439.26,
14284,Uttar Pradesh,Lucknow,Industrial Area,2010.0,Summer,8.25,34.26,190.2,390.75,
14285,Uttar Pradesh,Lucknow,Industrial Area,2010.0,Winter,9.19,37.2,217.16,445.15,
14286,Uttar Pradesh,Lucknow,Industrial Area,2011.0,Autumn,8.39,33.83,196.52,,
14287,Uttar Pradesh,Lucknow,Industrial Area,2011.0,Spring,8.61,34.04,198.97,,
14288,Uttar Pradesh,Lucknow,Industrial Area,2011.0,Summer,8.48,33.48,180.63,,
14289,Uttar Pradesh,Lucknow,Industrial Area,2011.0,Winter,8.96,34.44,207.22,,
14290,Uttar Pradesh,Lucknow,Industrial Area,2012.0,Autumn,7.61,31.17,190.0,,
14291,Uttar Pradesh,Lucknow,Industrial Area,2012.0,Spring,8.21,32.36,253.25,,
14292,Uttar Pradesh,Lucknow,Industrial Area,2012.0,Summer,7.46,31.07,210.75,,
14293,Uttar Pradesh,Lucknow,Industrial Area,2012.0,Winter,8.31,33.42,205.85,,
14294,Uttar Pradesh,Lucknow,Industrial Area,2013.0,Autumn,7.81,30.05,198.52,,
14295,Uttar Pradesh,Lucknow,Industrial Area,2013.0,Spring,7.96,30.79,201.0,,
14296,Uttar Pradesh,Lucknow,Industrial Area,2013.0,Summer,7.64,29.56,191.88,,
14297,Uttar Pradesh,Lucknow,Industrial Area,2013.0,Winter,8.33,31.96,218.29,,
14298,Uttar Pradesh,Lucknow,Industrial Area,2014.0,Autumn,7.73,27.65,173.08,,
14299,Uttar Pradesh,Lucknow,Industrial Area,2014.0,Spring,7.96,29.15,182.23,,
14300,Uttar Pradesh,Lucknow,Industrial Area,2014.0,Summer,7.95,28.7,183.35,,
14301,Uttar Pradesh,Lucknow,Industrial Area,2014.0,Winter,8.3,30.22,197.22,,
14302,Uttar Pradesh,Lucknow,Industrial Area,2015.0,Autumn,7.92,28.17,169.96,,
14303,Uttar Pradesh,Lucknow,Industrial Area,2015.0,Spring,8.08,28.21,173.83,,
14304,Uttar Pradesh,Lucknow,Industrial Area,2015.0,Summer,7.75,27.38,164.12,,
14305,Uttar Pradesh,Lucknow,Industrial Area,2015.0,Winter,9.23,31.08,206.19,,
14306,Uttar Pradesh,Lucknow,Industrial Area,2005.0,Autumn,12.94,29.89,208.73,435.93,
14307,Uttar Pradesh,Lucknow,Industrial Area,2005.0,Spring,13.95,32.33,207.81,443.38,
14308,Uttar Pradesh,Lucknow,Industrial Area,2005.0,Summer,12.58,30.25,189.68,406.87,
14309,Uttar Pradesh,Lucknow,Industrial Area,2005.0,Winter,16.61,33.51,225.81,483.78,
14310,Uttar Pradesh,Lucknow,Industrial Area,2006.0,Autumn,9.6,28.52,176.85,364.93,
14311,Uttar Pradesh,Lucknow,Industrial Area,2006.0,Spring,11.3,30.42,207.93,441.25,
14312,Uttar Pradesh,Lucknow,Industrial Area,2006.0,Summer,10.01,28.25,194.96,404.67,
14313,Uttar Pradesh,Lucknow,Industrial Area,2006.0,Winter,12.35,31.7,218.07,459.38,
14314,Uttar Pradesh,Lucknow,Industrial Area,2007.0,Autumn,8.34,32.55,190.54,397.75,
14315,Uttar Pradesh,Lucknow,Industrial Area,2007.0,Spring,9.39,32.51,206.27,423.7,
14316,Uttar Pradesh,Lucknow,Industrial Area,2007.0,Summer,7.87,32.33,180.33,370.48,
14317,Uttar Pradesh,Lucknow,Industrial Area,2007.0,Winter,9.79,33.96,212.83,447.59,
14318,Uttar Pradesh,Lucknow,Industrial Area,2008.0,Autumn,8.73,37.85,199.9,420.1,
14319,Uttar Pradesh,Lucknow,Industrial Area,2008.0,Spring,9.14,38.04,215.96,451.04,
14320,Uttar Pradesh,Lucknow,Industrial Area,2008.0,Summer,7.73,36.05,171.96,363.57,
14321,Uttar Pradesh,Lucknow,Industrial Area,2008.0,Winter,9.34,37.54,227.72,472.96,
14322,Uttar Pradesh,Lucknow,Industrial Area,2009.0,Autumn,8.67,37.43,193.18,404.5,
14323,Uttar Pradesh,Lucknow,Industrial Area,2009.0,Spring,8.77,37.33,218.92,456.27,
14324,Uttar Pradesh,Lucknow,Industrial Area,2009.0,Summer,8.47,35.6,199.12,414.62,
14325,Uttar Pradesh,Lucknow,Industrial Area,2009.0,Winter,9.57,38.47,231.79,479.89,
14326,Uttar Pradesh,Lucknow,Residential and others,2005.0,Autumn,11.73,29.78,186.27,406.84,
14327,Uttar Pradesh,Lucknow,Residential and others,2005.0,Spring,12.75,30.95,187.05,413.96,
14328,Uttar Pradesh,Lucknow,Residential and others,2005.0,Summer,10.85,28.33,165.87,360.88,
14329,Uttar Pradesh,Lucknow,Residential and others,2005.0,Winter,15.57,33.39,209.57,458.74,
14330,Uttar Pradesh,Lucknow,Residential and others,2006.0,Autumn,9.36,28.12,176.74,368.46,
14331,Uttar Pradesh,Lucknow,Residential and others,2006.0,Spring,10.46,29.09,194.99,414.63,
14332,Uttar Pradesh,Lucknow,Residential and others,2006.0,Summer,8.93,26.62,176.31,369.94,
14333,Uttar Pradesh,Lucknow,Residential and others,2006.0,Winter,11.71,31.25,207.15,443.21,
14334,Uttar Pradesh,Lucknow,Residential and others,2007.0,Autumn,8.03,32.37,180.83,383.34,
14335,Uttar Pradesh,Lucknow,Residential and others,2007.0,Spring,9.1,31.66,191.41,402.43,
14336,Uttar Pradesh,Lucknow,Residential and others,2007.0,Summer,7.95,31.96,172.78,359.95,
14337,Uttar Pradesh,Lucknow,Residential and others,2007.0,Winter,9.11,32.16,201.86,423.03,
14338,Uttar Pradesh,Lucknow,Residential and others,2008.0,Autumn,8.01,35.49,179.22,375.42,
14339,Uttar Pradesh,Lucknow,Residential and others,2008.0,Spring,8.35,35.98,198.23,416.22,
14340,Uttar Pradesh,Lucknow,Residential and others,2008.0,Summer,7.23,34.34,161.16,343.44,
14341,Uttar Pradesh,Lucknow,Residential and others,2008.0,Winter,8.68,35.05,205.7,430.54,
14342,Uttar Pradesh,Lucknow,Residential and others,2009.0,Autumn,8.16,36.14,183.21,386.59,
14343,Uttar Pradesh,Lucknow,Residential and others,2009.0,Spring,8.27,35.61,201.87,426.15,
14344,Uttar Pradesh,Lucknow,Residential and others,2009.0,Summer,7.8,34.3,175.25,370.71,
14345,Uttar Pradesh,Lucknow,Residential and others,2009.0,Winter,8.57,36.29,211.56,442.44,
14346,Uttar Pradesh,Lucknow,"Residential, Rural and other Areas",2004.0,Autumn,13.13,29.03,154.09,248.85,
14347,Uttar Pradesh,Lucknow,"Residential, Rural and other Areas",2004.0,Spring,14.94,30.12,155.98,254.47,
14348,Uttar Pradesh,Lucknow,"Residential, Rural and other Areas",2004.0,Summer,12.63,28.62,145.72,240.8,
14349,Uttar Pradesh,Lucknow,"Residential, Rural and other Areas",2004.0,Winter,17.67,32.07,176.36,290.06,
14350,Uttar Pradesh,Lucknow,"Residential, Rural and other Areas",2010.0,Autumn,7.89,33.19,173.6,357.39,
14351,Uttar Pradesh,Lucknow,"Residential, Rural and other Areas",2010.0,Spring,8.05,34.67,200.47,412.62,
14352,Uttar Pradesh,Lucknow,"Residential, Rural and other Areas",2010.0,Summer,7.98,33.14,259.55,372.72,
14353,Uttar Pradesh,Lucknow,"Residential, Rural and other Areas",2010.0,Winter,8.35,34.9,202.66,419.23,
14354,Uttar Pradesh,Lucknow,"Residential, Rural and other Areas",2011.0,Autumn,8.17,32.15,181.5,,
14355,Uttar Pradesh,Lucknow,"Residential, Rural and other Areas",2011.0,Spring,8.01,32.75,189.62,,
14356,Uttar Pradesh,Lucknow,"Residential, Rural and other Areas",2011.0,Summer,7.63,32.25,174.25,,
14357,Uttar Pradesh,Lucknow,"Residential, Rural and other Areas",2011.0,Winter,8.2,33.46,201.13,,
14358,Uttar Pradesh,Lucknow,"Residential, Rural and other Areas",2012.0,Autumn,7.77,31.19,188.46,,
14359,Uttar Pradesh,Lucknow,"Residential, Rural and other Areas",2012.0,Spring,8.09,31.48,241.84,,
14360,Uttar Pradesh,Lucknow,"Residential, Rural and other Areas",2012.0,Summer,7.69,31.15,201.44,,
14361,Uttar Pradesh,Lucknow,"Residential, Rural and other Areas",2012.0,Winter,8.48,33.04,214.77,,
14362,Uttar Pradesh,Lucknow,"Residential, Rural and other Areas",2013.0,Autumn,7.48,28.29,188.39,,
14363,Uttar Pradesh,Lucknow,"Residential, Rural and other Areas",2013.0,Spring,7.38,29.6,190.03,,
14364,Uttar Pradesh,Lucknow,"Residential, Rural and other Areas",2013.0,Summer,7.15,28.51,179.68,,
14365,Uttar Pradesh,Lucknow,"Residential, Rural and other Areas",2013.0,Winter,7.67,29.99,197.54,,
14366,Uttar Pradesh,Lucknow,"Residential, Rural and other Areas",2014.0,Autumn,7.56,27.58,169.25,,
14367,Uttar Pradesh,Lucknow,"Residential, Rural and other Areas",2014.0,Spring,7.68,28.24,172.27,,
14368,Uttar Pradesh,Lucknow,"Residential, Rural and other Areas",2014.0,Summer,7.38,27.65,168.44,,
14369,Uttar Pradesh,Lucknow,"Residential, Rural and other Areas",2014.0,Winter,7.9,28.93,184.66,,
14370,Uttar Pradesh,Lucknow,"Residential, Rural and other Areas",2015.0,Autumn,7.69,27.12,164.05,,
14371,Uttar Pradesh,Lucknow,"Residential, Rural and other Areas",2015.0,Spring,7.51,26.92,160.99,,
14372,Uttar Pradesh,Lucknow,"Residential, Rural and other Areas",2015.0,Summer,7.21,26.29,153.94,,
14373,Uttar Pradesh,Lucknow,"Residential, Rural and other Areas",2015.0,Winter,8.66,29.98,185.85,,
14374,Uttar Pradesh,Mathura,Industrial Area,2011.0,Autumn,19.0,27.43,164.29,,
14375,Uttar Pradesh,Mathura,Industrial Area,2011.0,Spring,,,276.67,,
14376,Uttar Pradesh,Mathura,Industrial Area,2011.0,Summer,27.62,26.5,217.25,,
14377,Uttar Pradesh,Mathura,Industrial Area,2011.0,Winter,18.0,26.0,157.0,,
14378,Uttar Pradesh,Mathura,Industrial Area,2012.0,Autumn,29.0,35.0,230.5,,
14379,Uttar Pradesh,Mathura,Industrial Area,2012.0,Spring,27.86,33.29,248.29,,
14380,Uttar Pradesh,Mathura,Industrial Area,2012.0,Summer,19.0,25.0,180.0,,
14381,Uttar Pradesh,Mathura,Industrial Area,2012.0,Winter,22.4,25.8,184.8,,
14382,Uttar Pradesh,Mathura,"Residential, Rural and other Areas",2011.0,Autumn,15.4,23.8,151.2,,
14383,Uttar Pradesh,Mathura,"Residential, Rural and other Areas",2011.0,Spring,,,236.88,,
14384,Uttar Pradesh,Mathura,"Residential, Rural and other Areas",2011.0,Summer,17.0,18.5,193.38,,
14385,Uttar Pradesh,Mathura,"Residential, Rural and other Areas",2011.0,Winter,15.0,25.0,157.0,,
14386,Uttar Pradesh,Mathura,"Residential, Rural and other Areas",2012.0,Autumn,22.0,26.5,164.0,,
14387,Uttar Pradesh,Mathura,"Residential, Rural and other Areas",2012.0,Spring,21.29,29.71,212.14,,
14388,Uttar Pradesh,Mathura,"Residential, Rural and other Areas",2012.0,Summer,19.5,30.0,232.0,,
14389,Uttar Pradesh,Mathura,"Residential, Rural and other Areas",2012.0,Winter,21.12,26.12,181.0,,
14390,Uttar Pradesh,Meerut,Residential and others,2007.0,Autumn,10.54,43.84,119.05,743.17,
14391,Uttar Pradesh,Meerut,Residential and others,2007.0,Spring,10.68,41.87,119.43,695.87,
14392,Uttar Pradesh,Meerut,Residential and others,2007.0,Summer,10.64,43.96,114.93,727.64,
14393,Uttar Pradesh,Meerut,Residential and others,2007.0,Winter,10.96,46.08,117.78,731.88,
14394,Uttar Pradesh,Meerut,Residential and others,2008.0,Autumn,9.98,41.44,115.71,596.81,
14395,Uttar Pradesh,Meerut,Residential and others,2008.0,Spring,10.06,41.02,116.37,629.0,
14396,Uttar Pradesh,Meerut,Residential and others,2008.0,Summer,9.66,42.4,112.75,528.31,
14397,Uttar Pradesh,Meerut,Residential and others,2008.0,Winter,10.19,40.62,113.62,667.07,
14398,Uttar Pradesh,Meerut,Residential and others,2009.0,Autumn,7.06,47.87,120.6,525.73,
14399,Uttar Pradesh,Meerut,Residential and others,2009.0,Spring,9.02,43.9,117.71,608.5,
14400,Uttar Pradesh,Meerut,Residential and others,2009.0,Summer,8.15,42.39,117.6,594.5,
14401,Uttar Pradesh,Meerut,Residential and others,2009.0,Winter,8.29,45.05,121.29,581.43,
14402,Uttar Pradesh,Meerut,"Residential, Rural and other Areas",2010.0,Autumn,6.57,46.82,144.61,475.11,
14403,Uttar Pradesh,Meerut,"Residential, Rural and other Areas",2010.0,Spring,9.17,50.41,193.98,452.76,
14404,Uttar Pradesh,Meerut,"Residential, Rural and other Areas",2010.0,Summer,6.89,45.7,160.28,444.88,
14405,Uttar Pradesh,Meerut,"Residential, Rural and other Areas",2010.0,Winter,7.68,50.41,163.57,487.01,
14406,Uttar Pradesh,Meerut,"Residential, Rural and other Areas",2011.0,Autumn,4.34,42.62,118.34,,
14407,Uttar Pradesh,Meerut,"Residential, Rural and other Areas",2011.0,Spring,4.78,45.93,124.47,,
14408,Uttar Pradesh,Meerut,"Residential, Rural and other Areas",2011.0,Summer,4.81,46.62,121.67,,
14409,Uttar Pradesh,Meerut,"Residential, Rural and other Areas",2011.0,Winter,4.85,44.95,124.23,,
14410,Uttar Pradesh,Meerut,"Residential, Rural and other Areas",2012.0,Autumn,4.54,39.88,130.21,,
14411,Uttar Pradesh,Meerut,"Residential, Rural and other Areas",2012.0,Spring,4.04,45.02,129.98,,
14412,Uttar Pradesh,Meerut,"Residential, Rural and other Areas",2012.0,Summer,4.17,39.88,130.67,,
14413,Uttar Pradesh,Meerut,"Residential, Rural and other Areas",2012.0,Winter,4.06,43.54,126.29,,
14414,Uttar Pradesh,Moradabad,"Residential, Rural and other Areas",2011.0,Autumn,17.37,26.04,162.39,,
14415,Uttar Pradesh,Moradabad,"Residential, Rural and other Areas",2011.0,Spring,8.9,19.69,151.92,,
14416,Uttar Pradesh,Moradabad,"Residential, Rural and other Areas",2011.0,Summer,12.02,20.79,89.27,,
14417,Uttar Pradesh,Moradabad,"Residential, Rural and other Areas",2011.0,Winter,11.89,24.85,178.13,,
14418,Uttar Pradesh,Moradabad,"Residential, Rural and other Areas",2012.0,Autumn,17.08,25.29,164.92,,
14419,Uttar Pradesh,Moradabad,"Residential, Rural and other Areas",2012.0,Spring,11.69,21.55,189.04,,
14420,Uttar Pradesh,Moradabad,"Residential, Rural and other Areas",2012.0,Summer,10.46,19.06,140.67,,
14421,Uttar Pradesh,Moradabad,"Residential, Rural and other Areas",2012.0,Winter,14.56,26.82,168.36,,
14422,Uttar Pradesh,Moradabad,"Residential, Rural and other Areas",2013.0,Autumn,19.16,26.94,175.78,,
14423,Uttar Pradesh,Moradabad,"Residential, Rural and other Areas",2013.0,Spring,13.5,20.85,146.26,,
14424,Uttar Pradesh,Moradabad,"Residential, Rural and other Areas",2013.0,Summer,13.48,18.58,136.12,,
14425,Uttar Pradesh,Moradabad,"Residential, Rural and other Areas",2013.0,Winter,19.33,29.15,179.63,,
14426,Uttar Pradesh,Moradabad,"Residential, Rural and other Areas",2014.0,Autumn,19.81,31.17,201.88,,
14427,Uttar Pradesh,Moradabad,"Residential, Rural and other Areas",2014.0,Spring,22.18,31.41,209.08,,
14428,Uttar Pradesh,Moradabad,"Residential, Rural and other Areas",2014.0,Summer,20.55,29.9,184.88,,
14429,Uttar Pradesh,Moradabad,"Residential, Rural and other Areas",2014.0,Winter,23.0,34.95,209.9,,
14430,Uttar Pradesh,Moradabad,"Residential, Rural and other Areas",2015.0,Autumn,15.49,28.12,179.75,,
14431,Uttar Pradesh,Moradabad,"Residential, Rural and other Areas",2015.0,Spring,10.62,23.44,154.0,,
14432,Uttar Pradesh,Moradabad,"Residential, Rural and other Areas",2015.0,Summer,7.55,18.21,141.88,,
14433,Uttar Pradesh,Moradabad,"Residential, Rural and other Areas",2015.0,Winter,17.16,36.19,190.53,,
14434,Uttar Pradesh,Noida,Industrial Area,2004.0,Autumn,26.71,57.69,106.67,64.33,
14435,Uttar Pradesh,Noida,Industrial Area,2004.0,Spring,24.98,69.9,116.86,70.48,
14436,Uttar Pradesh,Noida,Industrial Area,2004.0,Summer,25.12,58.62,104.68,62.82,
14437,Uttar Pradesh,Noida,Industrial Area,2004.0,Winter,20.94,105.81,106.74,77.91,
14438,Uttar Pradesh,Noida,Industrial Area,2010.0,Autumn,10.4,45.81,124.36,405.41,
14439,Uttar Pradesh,Noida,Industrial Area,2010.0,Spring,11.27,48.45,135.37,446.55,
14440,Uttar Pradesh,Noida,Industrial Area,2010.0,Summer,9.93,43.68,127.94,424.09,
14441,Uttar Pradesh,Noida,Industrial Area,2010.0,Winter,12.57,47.37,146.79,488.27,
14442,Uttar Pradesh,Noida,Industrial Area,2011.0,Autumn,10.0,42.27,137.38,,
14443,Uttar Pradesh,Noida,Industrial Area,2011.0,Spring,10.5,47.96,140.62,,
14444,Uttar Pradesh,Noida,Industrial Area,2011.0,Summer,10.36,44.59,132.0,,
14445,Uttar Pradesh,Noida,Industrial Area,2011.0,Winter,10.59,44.82,139.32,,
14446,Uttar Pradesh,Noida,Industrial Area,2013.0,Autumn,8.92,33.73,142.92,411.73,
14447,Uttar Pradesh,Noida,Industrial Area,2013.0,Spring,8.08,27.12,140.25,432.77,
14448,Uttar Pradesh,Noida,Industrial Area,2013.0,Summer,7.96,25.22,128.39,373.67,
14449,Uttar Pradesh,Noida,Industrial Area,2013.0,Winter,8.09,30.27,138.45,413.76,
14450,Uttar Pradesh,Noida,Industrial Area,2014.0,Autumn,9.29,26.86,145.0,,
14451,Uttar Pradesh,Noida,Industrial Area,2014.0,Spring,9.2,28.0,148.0,,
14452,Uttar Pradesh,Noida,Industrial Area,2014.0,Summer,9.12,29.12,143.25,,
14453,Uttar Pradesh,Noida,Industrial Area,2014.0,Winter,9.5,33.17,135.5,,
14454,Uttar Pradesh,Noida,Industrial Area,2015.0,Autumn,8.38,30.75,145.67,,
14455,Uttar Pradesh,Noida,Industrial Area,2015.0,Summer,9.25,29.88,150.21,,
14456,Uttar Pradesh,Noida,Industrial Area,2015.0,Winter,9.19,27.88,177.52,,
14457,Uttar Pradesh,Noida,Industrial Area,2005.0,Autumn,34.0,46.0,100.0,380.33,
14458,Uttar Pradesh,Noida,Industrial Area,2005.0,Spring,34.0,50.0,101.67,398.0,
14459,Uttar Pradesh,Noida,Industrial Area,2005.0,Summer,31.55,56.27,110.0,397.18,
14460,Uttar Pradesh,Noida,Industrial Area,2005.0,Winter,28.0,60.0,106.67,385.0,
14461,Uttar Pradesh,Noida,Industrial Area,2006.0,Autumn,19.76,58.95,185.35,476.1,
14462,Uttar Pradesh,Noida,Industrial Area,2006.0,Spring,23.99,55.64,146.36,430.16,
14463,Uttar Pradesh,Noida,Industrial Area,2006.0,Summer,23.85,52.37,156.13,434.0,
14464,Uttar Pradesh,Noida,Industrial Area,2006.0,Winter,23.12,55.96,171.5,463.7,
14465,Uttar Pradesh,Noida,Industrial Area,2007.0,Autumn,13.62,50.5,145.17,420.42,
14466,Uttar Pradesh,Noida,Industrial Area,2007.0,Spring,12.54,49.04,174.36,443.32,
14467,Uttar Pradesh,Noida,Industrial Area,2007.0,Summer,12.88,49.22,161.17,421.5,
14468,Uttar Pradesh,Noida,Industrial Area,2007.0,Winter,13.27,50.32,191.09,463.43,
14469,Uttar Pradesh,Noida,Industrial Area,2008.0,Autumn,10.35,38.38,136.17,417.0,
14470,Uttar Pradesh,Noida,Industrial Area,2008.0,Spring,11.58,48.02,143.75,431.83,
14471,Uttar Pradesh,Noida,Industrial Area,2008.0,Summer,10.59,39.71,131.88,399.17,
14472,Uttar Pradesh,Noida,Industrial Area,2008.0,Winter,10.86,43.71,156.41,452.23,
14473,Uttar Pradesh,Noida,Industrial Area,2009.0,Autumn,9.3,29.55,135.5,462.5,
14474,Uttar Pradesh,Noida,Industrial Area,2009.0,Spring,8.54,29.47,142.14,506.71,
14475,Uttar Pradesh,Noida,Industrial Area,2009.0,Summer,8.5,28.0,144.0,345.0,
14476,Uttar Pradesh,Noida,Industrial Area,2009.0,Winter,8.81,26.64,140.0,442.07,
14477,Uttar Pradesh,Noida,Residential and others,2005.0,Autumn,26.0,43.0,,512.0,
14478,Uttar Pradesh,Noida,Residential and others,2005.0,Spring,26.0,39.0,,403.0,
14479,Uttar Pradesh,Noida,Residential and others,2005.0,Summer,32.5,51.5,,449.8,
14480,Uttar Pradesh,Noida,Residential and others,2005.0,Winter,28.0,48.5,,416.0,
14481,Uttar Pradesh,Noida,Residential and others,2006.0,Autumn,18.9,52.52,206.85,479.53,
14482,Uttar Pradesh,Noida,Residential and others,2006.0,Spring,24.45,57.73,183.0,455.67,
14483,Uttar Pradesh,Noida,Residential and others,2006.0,Summer,22.47,52.24,174.5,469.65,
14484,Uttar Pradesh,Noida,Residential and others,2006.0,Winter,23.0,56.18,207.5,449.74,
14485,Uttar Pradesh,Noida,Residential and others,2007.0,Autumn,13.07,49.06,155.65,453.38,
14486,Uttar Pradesh,Noida,Residential and others,2007.0,Spring,12.41,46.94,153.25,435.21,
14487,Uttar Pradesh,Noida,Residential and others,2007.0,Summer,13.51,50.54,152.04,428.17,
14488,Uttar Pradesh,Noida,Residential and others,2007.0,Winter,13.21,49.91,187.04,473.52,
14489,Uttar Pradesh,Noida,Residential and others,2008.0,Autumn,9.96,37.55,153.29,442.25,
14490,Uttar Pradesh,Noida,Residential and others,2008.0,Spring,11.92,48.02,162.43,479.0,
14491,Uttar Pradesh,Noida,Residential and others,2008.0,Summer,10.76,40.15,127.8,412.05,
14492,Uttar Pradesh,Noida,Residential and others,2008.0,Winter,11.17,43.63,165.65,452.78,
14493,Uttar Pradesh,Noida,Residential and others,2009.0,Autumn,10.0,28.3,120.0,378.0,
14494,Uttar Pradesh,Noida,Residential and others,2009.0,Spring,9.17,32.75,143.18,497.18,
14495,Uttar Pradesh,Noida,Residential and others,2009.0,Summer,9.22,28.85,155.75,459.5,
14496,Uttar Pradesh,Noida,Residential and others,2009.0,Winter,9.28,27.4,146.64,419.43,
14497,Uttar Pradesh,Noida,"Residential, Rural and other Areas",2004.0,Autumn,30.35,41.45,,36.83,
14498,Uttar Pradesh,Noida,"Residential, Rural and other Areas",2004.0,Spring,28.2,39.95,,34.0,
14499,Uttar Pradesh,Noida,"Residential, Rural and other Areas",2004.0,Summer,33.25,40.4,,37.0,
14500,Uttar Pradesh,Noida,"Residential, Rural and other Areas",2004.0,Winter,22.62,41.6,,32.25,
14501,Uttar Pradesh,Noida,"Residential, Rural and other Areas",2010.0,Autumn,10.91,43.54,120.23,405.33,
14502,Uttar Pradesh,Noida,"Residential, Rural and other Areas",2010.0,Spring,12.46,46.96,135.77,459.2,
14503,Uttar Pradesh,Noida,"Residential, Rural and other Areas",2010.0,Summer,10.53,46.91,128.7,417.88,
14504,Uttar Pradesh,Noida,"Residential, Rural and other Areas",2010.0,Winter,11.74,47.22,134.49,470.26,
14505,Uttar Pradesh,Noida,"Residential, Rural and other Areas",2011.0,Autumn,9.6,38.88,131.68,,
14506,Uttar Pradesh,Noida,"Residential, Rural and other Areas",2011.0,Spring,11.52,49.83,142.43,,
14507,Uttar Pradesh,Noida,"Residential, Rural and other Areas",2011.0,Summer,10.83,44.58,137.54,,
14508,Uttar Pradesh,Noida,"Residential, Rural and other Areas",2011.0,Winter,10.42,44.38,144.5,,
14509,Uttar Pradesh,Noida,"Residential, Rural and other Areas",2013.0,Autumn,8.88,32.5,154.46,446.36,
14510,Uttar Pradesh,Noida,"Residential, Rural and other Areas",2013.0,Spring,8.96,30.08,146.46,461.48,
14511,Uttar Pradesh,Noida,"Residential, Rural and other Areas",2013.0,Summer,9.08,30.72,139.2,433.22,
14512,Uttar Pradesh,Noida,"Residential, Rural and other Areas",2013.0,Winter,8.91,39.05,140.23,426.47,
14513,Uttar Pradesh,Noida,"Residential, Rural and other Areas",2014.0,Autumn,7.22,24.56,132.11,,
14514,Uttar Pradesh,Noida,"Residential, Rural and other Areas",2014.0,Spring,7.0,22.0,130.5,,
14515,Uttar Pradesh,Noida,"Residential, Rural and other Areas",2014.0,Summer,8.12,23.75,128.5,,
14516,Uttar Pradesh,Noida,"Residential, Rural and other Areas",2014.0,Winter,7.92,28.15,127.46,,
14517,Uttar Pradesh,Noida,"Residential, Rural and other Areas",2015.0,Autumn,7.75,27.25,143.62,,
14518,Uttar Pradesh,Noida,"Residential, Rural and other Areas",2015.0,Summer,8.19,27.81,133.56,,
14519,Uttar Pradesh,Noida,"Residential, Rural and other Areas",2015.0,Winter,8.25,28.69,162.56,,
14588,Uttar Pradesh,Saharanpur,"Residential, Rural and other Areas",2011.0,Autumn,28.2,19.67,44.13,,
14589,Uttar Pradesh,Saharanpur,"Residential, Rural and other Areas",2011.0,Spring,31.0,20.0,35.0,,
14590,Uttar Pradesh,Saharanpur,"Residential, Rural and other Areas",2011.0,Summer,28.21,20.64,43.89,,
14591,Uttar Pradesh,Saharanpur,"Residential, Rural and other Areas",2011.0,Winter,30.5,20.0,37.0,,
14628,Uttar Pradesh,Varanasi,Residential and others,2005.0,Autumn,16.19,18.66,99.78,291.78,
14629,Uttar Pradesh,Varanasi,Residential and others,2005.0,Spring,16.69,18.32,105.61,372.26,
14630,Uttar Pradesh,Varanasi,Residential and others,2005.0,Summer,15.52,18.64,99.95,310.45,
14631,Uttar Pradesh,Varanasi,Residential and others,2005.0,Winter,16.21,18.25,103.82,326.18,
14632,Uttar Pradesh,Varanasi,Residential and others,2006.0,Autumn,16.17,18.58,103.36,288.44,
14633,Uttar Pradesh,Varanasi,Residential and others,2006.0,Spring,15.13,18.09,112.62,351.0,
14634,Uttar Pradesh,Varanasi,Residential and others,2006.0,Summer,15.86,18.52,99.08,313.2,
14635,Uttar Pradesh,Varanasi,Residential and others,2006.0,Winter,15.39,18.57,104.65,299.03,
14636,Uttar Pradesh,Varanasi,Residential and others,2007.0,Autumn,15.91,18.35,110.8,389.43,
14637,Uttar Pradesh,Varanasi,Residential and others,2007.0,Spring,16.45,18.78,117.0,409.14,
14638,Uttar Pradesh,Varanasi,Residential and others,2007.0,Summer,16.14,18.65,114.56,396.0,
14639,Uttar Pradesh,Varanasi,Residential and others,2007.0,Winter,16.13,18.6,107.53,360.35,
14640,Uttar Pradesh,Varanasi,Residential and others,2008.0,Autumn,15.61,18.56,108.45,306.9,
14641,Uttar Pradesh,Varanasi,Residential and others,2008.0,Spring,15.72,18.67,112.17,364.44,
14642,Uttar Pradesh,Varanasi,Residential and others,2008.0,Summer,15.13,18.19,97.76,279.51,
14643,Uttar Pradesh,Varanasi,Residential and others,2008.0,Winter,15.95,18.74,108.63,351.16,
14644,Uttar Pradesh,Varanasi,Residential and others,2009.0,Autumn,16.1,18.77,112.5,371.25,
14645,Uttar Pradesh,Varanasi,Residential and others,2009.0,Spring,16.89,19.36,122.9,409.35,
14646,Uttar Pradesh,Varanasi,Residential and others,2009.0,Summer,16.2,18.98,118.75,389.5,
14647,Uttar Pradesh,Varanasi,Residential and others,2009.0,Winter,16.08,18.88,114.33,377.92,
14648,Uttar Pradesh,Varanasi,"Residential, Rural and other Areas",2004.0,Autumn,15.83,17.17,109.04,282.09,
14649,Uttar Pradesh,Varanasi,"Residential, Rural and other Areas",2004.0,Spring,15.58,17.21,113.71,281.58,
14650,Uttar Pradesh,Varanasi,"Residential, Rural and other Areas",2004.0,Summer,15.76,17.2,111.04,299.2,
14651,Uttar Pradesh,Varanasi,"Residential, Rural and other Areas",2004.0,Winter,15.64,17.14,109.43,274.39,
14652,Uttar Pradesh,Varanasi,"Residential, Rural and other Areas",2010.0,Autumn,17.41,19.48,126.97,396.6,
14653,Uttar Pradesh,Varanasi,"Residential, Rural and other Areas",2010.0,Spring,17.78,19.93,126.28,396.85,
14654,Uttar Pradesh,Varanasi,"Residential, Rural and other Areas",2010.0,Summer,17.5,19.66,130.0,397.75,
14655,Uttar Pradesh,Varanasi,"Residential, Rural and other Areas",2010.0,Winter,17.35,19.7,127.4,398.66,
14656,Uttar Pradesh,Varanasi,"Residential, Rural and other Areas",2011.0,Autumn,17.05,20.07,124.7,,
14657,Uttar Pradesh,Varanasi,"Residential, Rural and other Areas",2011.0,Spring,17.17,19.95,134.32,,
14658,Uttar Pradesh,Varanasi,"Residential, Rural and other Areas",2011.0,Summer,15.56,19.46,120.95,,
14659,Uttar Pradesh,Varanasi,"Residential, Rural and other Areas",2011.0,Winter,17.02,19.8,130.13,,
14660,Uttar Pradesh,Varanasi,"Residential, Rural and other Areas",2012.0,Autumn,18.21,21.74,139.64,,
14661,Uttar Pradesh,Varanasi,"Residential, Rural and other Areas",2012.0,Spring,18.11,21.36,140.21,,
14662,Uttar Pradesh,Varanasi,"Residential, Rural and other Areas",2012.0,Summer,17.81,20.89,136.78,,
14663,Uttar Pradesh,Varanasi,"Residential, Rural and other Areas",2012.0,Winter,18.21,21.48,136.17,,
14664,Uttar Pradesh,Varanasi,"Residential, Rural and other Areas",2013.0,Autumn,19.58,33.04,144.08,,
14665,Uttar Pradesh,Varanasi,"Residential, Rural and other Areas",2013.0,Spring,19.13,25.73,146.2,,
14666,Uttar Pradesh,Varanasi,"Residential, Rural and other Areas",2013.0,Summer,18.65,25.69,142.04,,
14667,Uttar Pradesh,Varanasi,"Residential, Rural and other Areas",2013.0,Winter,20.11,25.81,148.15,,
14668,Uttar Pradesh,Varanasi,"Residential, Rural and other Areas",2014.0,Autumn,18.75,31.81,140.5,,
14669,Uttar Pradesh,Varanasi,"Residential, Rural and other Areas",2014.0,Spring,18.88,32.12,140.65,,
14670,Uttar Pradesh,Varanasi,"Residential, Rural and other Areas",2014.0,Summer,18.51,31.46,138.23,,
14671,Uttar Pradesh,Varanasi,"Residential, Rural and other Areas",2014.0,Winter,18.4,30.4,140.0,,
14672,Uttar Pradesh,Varanasi,"Residential, Rural and other Areas",2015.0,Autumn,19.4,33.58,145.0,,
14673,Uttar Pradesh,Varanasi,"Residential, Rural and other Areas",2015.0,Spring,19.2,32.8,149.82,,
14674,Uttar Pradesh,Varanasi,"Residential, Rural and other Areas",2015.0,Summer,18.94,32.56,138.04,,
14675,Uttar Pradesh,Varanasi,"Residential, Rural and other Areas",2015.0,Winter,19.64,33.02,147.67,,
14676,Uttarakhand,Dehradun,Industrial Area,2010.0,Autumn,24.3,26.26,115.43,268.38,
14677,Uttarakhand,Dehradun,Industrial Area,2010.0,Spring,28.78,29.86,133.36,295.14,
14678,Uttarakhand,Dehradun,Industrial Area,2010.0,Summer,26.21,28.06,114.2,253.58,
14679,Uttarakhand,Dehradun,Industrial Area,2010.0,Winter,25.26,27.51,99.87,239.79,
14680,Uttarakhand,Dehradun,Industrial Area,2011.0,Autumn,23.0,24.75,143.67,,
14681,Uttarakhand,Dehradun,Industrial Area,2011.0,Spring,23.31,24.54,153.62,,
14682,Uttarakhand,Dehradun,Industrial Area,2011.0,Summer,22.4,24.0,115.91,,
14683,Uttarakhand,Dehradun,Industrial Area,2011.0,Winter,24.75,25.5,152.62,,
14684,Uttarakhand,Dehradun,Industrial Area,2013.0,Autumn,24.93,28.43,123.86,,
14685,Uttarakhand,Dehradun,Industrial Area,2013.0,Spring,25.14,27.55,150.05,,
14686,Uttarakhand,Dehradun,Industrial Area,2013.0,Summer,23.82,26.06,127.88,,
14687,Uttarakhand,Dehradun,Industrial Area,2013.0,Winter,24.93,27.64,153.36,,
14688,Uttarakhand,Dehradun,Industrial Area,2015.0,Autumn,25.71,28.36,157.93,,
14689,Uttarakhand,Dehradun,Industrial Area,2015.0,Spring,27.0,30.3,150.9,,
14690,Uttarakhand,Dehradun,Industrial Area,2015.0,Summer,26.9,30.5,141.1,,
14691,Uttarakhand,Dehradun,Industrial Area,2015.0,Winter,26.1,29.7,181.5,,
14692,Uttarakhand,Dehradun,"Residential, Rural and other Areas",2004.0,Autumn,17.0,24.0,90.56,146.44,
14693,Uttarakhand,Dehradun,"Residential, Rural and other Areas",2004.0,Spring,18.39,24.61,163.62,359.81,
14694,Uttarakhand,Dehradun,"Residential, Rural and other Areas",2004.0,Summer,19.25,22.75,148.93,216.56,
14695,Uttarakhand,Dehradun,"Residential, Rural and other Areas",2004.0,Winter,19.25,23.62,154.0,262.25,
14696,Uttarakhand,Dehradun,"Residential, Rural and other Areas",2010.0,Autumn,27.68,29.75,168.92,370.79,
14697,Uttarakhand,Dehradun,"Residential, Rural and other Areas",2010.0,Spring,31.45,33.42,174.27,386.63,
14698,Uttarakhand,Dehradun,"Residential, Rural and other Areas",2010.0,Summer,29.52,31.66,160.51,355.75,
14699,Uttarakhand,Dehradun,"Residential, Rural and other Areas",2010.0,Winter,29.02,30.7,169.45,354.85,
14700,Uttarakhand,Dehradun,"Residential, Rural and other Areas",2011.0,Autumn,23.09,23.82,160.23,,
14701,Uttarakhand,Dehradun,"Residential, Rural and other Areas",2011.0,Spring,24.31,25.48,169.21,,
14702,Uttarakhand,Dehradun,"Residential, Rural and other Areas",2011.0,Summer,22.31,23.69,135.18,,
14703,Uttarakhand,Dehradun,"Residential, Rural and other Areas",2011.0,Winter,23.86,25.43,182.78,,
14704,Uttarakhand,Dehradun,"Residential, Rural and other Areas",2012.0,Autumn,25.48,28.59,163.07,,
14705,Uttarakhand,Dehradun,"Residential, Rural and other Areas",2012.0,Spring,27.16,28.91,242.82,,
14706,Uttarakhand,Dehradun,"Residential, Rural and other Areas",2012.0,Summer,26.38,28.58,161.44,,
14707,Uttarakhand,Dehradun,"Residential, Rural and other Areas",2012.0,Winter,25.36,27.32,187.69,,
14708,Uttarakhand,Dehradun,"Residential, Rural and other Areas",2013.0,Autumn,24.87,27.71,148.63,,
14709,Uttarakhand,Dehradun,"Residential, Rural and other Areas",2013.0,Spring,25.22,27.72,163.58,,
14710,Uttarakhand,Dehradun,"Residential, Rural and other Areas",2013.0,Summer,23.61,25.74,174.83,,
14711,Uttarakhand,Dehradun,"Residential, Rural and other Areas",2013.0,Winter,25.36,28.43,181.57,,
14712,Uttarakhand,Dehradun,"Residential, Rural and other Areas",2015.0,Autumn,26.5,29.5,216.42,,
14713,Uttarakhand,Dehradun,"Residential, Rural and other Areas",2015.0,Spring,27.48,30.39,206.0,,
14714,Uttarakhand,Dehradun,"Residential, Rural and other Areas",2015.0,Summer,27.4,30.7,185.25,,
14715,Uttarakhand,Dehradun,"Residential, Rural and other Areas",2015.0,Winter,26.39,29.83,204.57,,
14728,Uttarakhand,Haridwar,Industrial Area,2011.0,Autumn,23.17,24.33,132.19,,
14729,Uttarakhand,Haridwar,Industrial Area,2011.0,Spring,23.61,24.55,144.66,,
14730,Uttarakhand,Haridwar,Industrial Area,2011.0,Summer,20.9,22.81,115.72,,
14731,Uttarakhand,Haridwar,Industrial Area,2011.0,Winter,27.85,28.24,160.45,,
14732,Uttarakhand,Haridwar,Industrial Area,2012.0,Autumn,26.0,29.0,121.0,,
14733,Uttarakhand,Haridwar,Industrial Area,2012.0,Spring,28.81,30.56,144.0,,
14734,Uttarakhand,Haridwar,Industrial Area,2012.0,Summer,28.0,29.0,191.71,,
14735,Uttarakhand,Haridwar,Industrial Area,2012.0,Winter,27.0,35.08,137.31,,
14736,Uttarakhand,Haridwar,Industrial Area,2013.0,Autumn,27.0,28.52,118.89,,
14737,Uttarakhand,Haridwar,Industrial Area,2013.0,Spring,28.29,29.33,115.96,,
14738,Uttarakhand,Haridwar,Industrial Area,2013.0,Summer,27.71,28.93,115.88,,
14739,Uttarakhand,Haridwar,Industrial Area,2013.0,Winter,27.65,28.96,122.44,,
14740,Uttarakhand,Haridwar,Industrial Area,2015.0,Autumn,24.28,26.8,120.0,,
14741,Uttarakhand,Haridwar,Industrial Area,2015.0,Spring,25.07,27.13,129.15,,
14742,Uttarakhand,Haridwar,Industrial Area,2015.0,Summer,23.17,25.78,119.9,,
14743,Uttarakhand,Haridwar,Industrial Area,2015.0,Winter,23.91,26.26,124.12,,
14780,Uttaranchal,Dehradun,Industrial Area,2007.0,Autumn,20.23,22.12,82.67,194.0,
14781,Uttaranchal,Dehradun,Industrial Area,2007.0,Spring,20.25,21.6,80.0,192.0,
14782,Uttaranchal,Dehradun,Industrial Area,2007.0,Summer,18.3,20.9,61.0,136.0,
14783,Uttaranchal,Dehradun,Industrial Area,2007.0,Winter,19.36,21.72,74.8,188.2,
14784,Uttaranchal,Dehradun,Industrial Area,2008.0,Autumn,18.7,19.8,,163.0,
14785,Uttaranchal,Dehradun,Industrial Area,2008.0,Spring,19.1,20.94,98.0,193.4,
14786,Uttaranchal,Dehradun,Industrial Area,2008.0,Summer,20.6,22.12,88.0,194.75,
14787,Uttaranchal,Dehradun,Industrial Area,2008.0,Winter,21.67,21.93,,186.0,
14788,Uttaranchal,Dehradun,Residential and others,2005.0,Autumn,21.3,25.4,151.5,383.0,
14789,Uttaranchal,Dehradun,Residential and others,2005.0,Spring,22.08,26.27,151.33,439.38,
14790,Uttaranchal,Dehradun,Residential and others,2005.0,Summer,21.34,25.59,147.32,327.22,
14791,Uttaranchal,Dehradun,Residential and others,2005.0,Winter,21.33,25.71,165.0,334.25,
14792,Uttaranchal,Dehradun,Residential and others,2006.0,Autumn,26.13,29.16,108.87,262.04,
14793,Uttaranchal,Dehradun,Residential and others,2006.0,Spring,24.49,26.89,127.12,241.92,
14794,Uttaranchal,Dehradun,Residential and others,2006.0,Summer,25.22,28.23,106.45,238.27,
14795,Uttaranchal,Dehradun,Residential and others,2006.0,Winter,25.35,27.44,143.11,340.22,
14796,Uttaranchal,Dehradun,Residential and others,2007.0,Autumn,25.74,28.29,98.23,251.38,
14797,Uttaranchal,Dehradun,Residential and others,2007.0,Spring,26.73,28.75,106.47,260.79,
14798,Uttaranchal,Dehradun,Residential and others,2007.0,Summer,26.48,28.85,88.7,225.1,
14799,Uttaranchal,Dehradun,Residential and others,2007.0,Winter,27.18,29.36,125.44,301.67,
14800,Uttaranchal,Dehradun,Residential and others,2008.0,Autumn,26.98,28.92,133.75,321.75,
14801,Uttaranchal,Dehradun,Residential and others,2008.0,Spring,28.49,28.21,127.56,295.58,
14802,Uttaranchal,Dehradun,Residential and others,2008.0,Summer,25.8,26.98,108.29,227.88,
14803,Uttaranchal,Dehradun,Residential and others,2008.0,Winter,26.44,28.46,142.4,342.0,
14804,West Bengal,Asansol,Industrial Area,2004.0,Autumn,,44.15,133.96,279.33,
14805,West Bengal,Asansol,Industrial Area,2004.0,Spring,,43.59,95.18,240.75,
14806,West Bengal,Asansol,Industrial Area,2004.0,Summer,,44.01,71.18,162.13,
14807,West Bengal,Asansol,Industrial Area,2004.0,Winter,,55.58,231.32,431.36,
14808,West Bengal,Asansol,Industrial Area,2010.0,Autumn,7.62,63.12,142.24,303.64,
14809,West Bengal,Asansol,Industrial Area,2010.0,Spring,8.59,70.28,135.42,295.96,
14810,West Bengal,Asansol,Industrial Area,2010.0,Summer,6.95,58.91,65.17,147.67,
14811,West Bengal,Asansol,Industrial Area,2010.0,Winter,8.94,72.28,213.63,451.96,
14812,West Bengal,Asansol,Industrial Area,2011.0,Autumn,7.6,56.12,159.12,,
14813,West Bengal,Asansol,Industrial Area,2011.0,Spring,6.42,53.7,116.84,,
14814,West Bengal,Asansol,Industrial Area,2011.0,Summer,5.93,50.81,84.99,,
14815,West Bengal,Asansol,Industrial Area,2011.0,Winter,7.92,60.83,213.14,,
14816,West Bengal,Asansol,Industrial Area,2012.0,Autumn,13.62,47.04,118.15,,
14817,West Bengal,Asansol,Industrial Area,2012.0,Spring,13.0,45.25,80.75,,
14818,West Bengal,Asansol,Industrial Area,2012.0,Summer,12.6,47.0,103.8,,
14819,West Bengal,Asansol,Industrial Area,2012.0,Winter,12.43,47.0,142.64,,
14820,West Bengal,Asansol,Industrial Area,2013.0,Autumn,10.2,49.78,167.18,,
14821,West Bengal,Asansol,Industrial Area,2013.0,Spring,9.42,47.36,133.68,,
14822,West Bengal,Asansol,Industrial Area,2013.0,Summer,10.35,53.64,184.95,,
14823,West Bengal,Asansol,Industrial Area,2013.0,Winter,10.62,53.85,180.67,,
14824,West Bengal,Asansol,Industrial Area,2014.0,Autumn,8.5,55.71,70.0,,
14825,West Bengal,Asansol,Industrial Area,2014.0,Spring,7.33,58.11,64.19,,
14826,West Bengal,Asansol,Industrial Area,2014.0,Summer,7.0,41.86,51.86,,
14827,West Bengal,Asansol,Industrial Area,2014.0,Winter,8.88,62.33,96.62,,
14828,West Bengal,Asansol,Industrial Area,2015.0,Autumn,7.29,56.12,95.69,,
14829,West Bengal,Asansol,Industrial Area,2015.0,Spring,8.33,51.19,98.62,,
14830,West Bengal,Asansol,Industrial Area,2015.0,Summer,6.17,48.21,62.38,,
14831,West Bengal,Asansol,Industrial Area,2015.0,Winter,9.46,63.21,131.31,,
14832,West Bengal,Asansol,Industrial Area,2005.0,Autumn,5.42,50.77,142.12,279.96,
14833,West Bengal,Asansol,Industrial Area,2005.0,Spring,5.54,51.9,112.86,274.68,
14834,West Bengal,Asansol,Industrial Area,2005.0,Summer,5.35,40.41,81.14,179.71,
14835,West Bengal,Asansol,Industrial Area,2005.0,Winter,5.85,59.37,176.78,337.78,
14836,West Bengal,Asansol,Industrial Area,2006.0,Autumn,5.25,52.01,127.93,268.24,
14837,West Bengal,Asansol,Industrial Area,2006.0,Spring,5.35,53.7,117.3,262.09,
14838,West Bengal,Asansol,Industrial Area,2006.0,Summer,5.01,46.45,82.11,185.18,
14839,West Bengal,Asansol,Industrial Area,2006.0,Winter,5.36,65.47,209.96,420.67,
14840,West Bengal,Asansol,Industrial Area,2007.0,Autumn,7.53,52.91,111.9,231.03,
14841,West Bengal,Asansol,Industrial Area,2007.0,Spring,6.14,59.13,95.19,194.3,
14842,West Bengal,Asansol,Industrial Area,2007.0,Summer,5.85,49.15,74.93,159.64,
14843,West Bengal,Asansol,Industrial Area,2007.0,Winter,7.22,70.1,183.38,364.9,
14844,West Bengal,Asansol,Industrial Area,2008.0,Autumn,8.46,68.15,131.21,292.52,
14845,West Bengal,Asansol,Industrial Area,2008.0,Spring,8.14,73.77,130.04,282.33,
14846,West Bengal,Asansol,Industrial Area,2008.0,Summer,7.44,63.53,87.48,200.89,
14847,West Bengal,Asansol,Industrial Area,2008.0,Winter,10.25,93.45,208.05,440.57,
14848,West Bengal,Asansol,Industrial Area,2009.0,Autumn,8.96,57.11,154.17,330.52,
14849,West Bengal,Asansol,Industrial Area,2009.0,Spring,10.23,67.35,187.52,404.33,
14850,West Bengal,Asansol,Industrial Area,2009.0,Summer,7.44,49.45,95.29,213.29,
14851,West Bengal,Asansol,Industrial Area,2009.0,Winter,12.18,80.27,244.28,510.78,
14993,West Bengal,Durgapur,Industrial Area,2004.0,Autumn,,43.18,138.11,290.39,
14994,West Bengal,Durgapur,Industrial Area,2004.0,Spring,,43.09,120.29,278.38,
14995,West Bengal,Durgapur,Industrial Area,2004.0,Summer,,42.44,81.85,173.05,
14996,West Bengal,Durgapur,Industrial Area,2004.0,Winter,,53.8,202.1,417.56,
14997,West Bengal,Durgapur,Industrial Area,2010.0,Autumn,8.3,66.0,154.36,327.34,
14998,West Bengal,Durgapur,Industrial Area,2010.0,Spring,8.75,70.91,154.79,333.12,
14999,West Bengal,Durgapur,Industrial Area,2010.0,Summer,7.46,60.83,85.47,184.72,
15000,West Bengal,Durgapur,Industrial Area,2010.0,Winter,9.49,75.09,232.93,489.93,
15001,West Bengal,Durgapur,Industrial Area,2011.0,Autumn,8.2,62.8,208.33,,
15002,West Bengal,Durgapur,Industrial Area,2011.0,Spring,7.22,56.73,131.72,,
15003,West Bengal,Durgapur,Industrial Area,2011.0,Summer,8.67,63.47,252.87,,
15004,West Bengal,Durgapur,Industrial Area,2011.0,Winter,8.59,65.0,252.33,,
15005,West Bengal,Durgapur,"Residential, Rural and other Areas",2004.0,Autumn,,37.15,61.8,127.36,
15006,West Bengal,Durgapur,"Residential, Rural and other Areas",2004.0,Spring,,35.6,62.1,149.13,
15007,West Bengal,Durgapur,"Residential, Rural and other Areas",2004.0,Summer,,36.56,39.72,83.48,
15008,West Bengal,Durgapur,"Residential, Rural and other Areas",2004.0,Winter,,43.13,109.26,207.71,
15009,West Bengal,Durgapur,"Residential, Rural and other Areas",2010.0,Autumn,6.72,56.52,89.08,193.04,
15010,West Bengal,Durgapur,"Residential, Rural and other Areas",2010.0,Spring,7.57,63.54,96.0,213.43,
15011,West Bengal,Durgapur,"Residential, Rural and other Areas",2010.0,Summer,6.21,52.92,52.2,116.76,
15012,West Bengal,Durgapur,"Residential, Rural and other Areas",2010.0,Winter,7.71,65.36,118.04,255.78,
15013,West Bengal,Durgapur,"Residential, Rural and other Areas",2011.0,Autumn,5.8,46.2,100.2,,
15014,West Bengal,Durgapur,"Residential, Rural and other Areas",2011.0,Spring,4.8,42.9,62.8,,
15015,West Bengal,Durgapur,"Residential, Rural and other Areas",2011.0,Summer,6.8,49.2,112.6,,
15016,West Bengal,Durgapur,"Residential, Rural and other Areas",2011.0,Winter,6.31,50.54,124.08,,
15017,West Bengal,Durgapur,"Residential, Rural and other Areas",2012.0,Autumn,13.23,47.54,102.69,,
15018,West Bengal,Durgapur,"Residential, Rural and other Areas",2012.0,Spring,13.0,46.0,69.0,,
15019,West Bengal,Durgapur,"Residential, Rural and other Areas",2012.0,Summer,12.67,46.33,99.67,,
15020,West Bengal,Durgapur,"Residential, Rural and other Areas",2012.0,Winter,12.71,49.14,134.0,,
15021,West Bengal,Durgapur,"Residential, Rural and other Areas",2013.0,Autumn,10.82,52.24,193.98,117.49,
15022,West Bengal,Durgapur,"Residential, Rural and other Areas",2013.0,Spring,10.77,52.78,156.92,98.56,
15023,West Bengal,Durgapur,"Residential, Rural and other Areas",2013.0,Summer,9.63,49.81,168.74,117.21,
15024,West Bengal,Durgapur,"Residential, Rural and other Areas",2013.0,Winter,9.79,48.93,152.54,88.25,
15025,West Bengal,Durgapur,"Residential, Rural and other Areas",2015.0,Autumn,7.58,58.35,111.5,,74.38
15026,West Bengal,Durgapur,"Residential, Rural and other Areas",2015.0,Spring,8.25,50.46,95.81,,62.88
15027,West Bengal,Durgapur,"Residential, Rural and other Areas",2015.0,Summer,6.38,47.08,68.35,,45.46
15028,West Bengal,Durgapur,"Residential, Rural and other Areas",2015.0,Winter,9.19,62.35,127.31,,85.5
15113,West Bengal,Haldia,Industrial Area,2001.0,Autumn,18.32,44.63,,55.67,
15114,West Bengal,Haldia,Industrial Area,2001.0,Spring,12.38,50.22,,91.5,
15115,West Bengal,Haldia,Industrial Area,2001.0,Summer,15.22,46.78,,57.67,
15116,West Bengal,Haldia,Industrial Area,2001.0,Winter,14.03,59.95,,122.17,
15117,West Bengal,Haldia,Industrial Area,2002.0,Autumn,6.0,20.22,,64.33,
15118,West Bengal,Haldia,Industrial Area,2002.0,Spring,7.37,26.32,,79.0,
15119,West Bengal,Haldia,Industrial Area,2002.0,Summer,7.58,21.17,,47.0,
15120,West Bengal,Haldia,Industrial Area,2002.0,Winter,8.8,35.35,,140.33,
15121,West Bengal,Haldia,Industrial Area,2004.0,Autumn,,29.46,69.78,148.58,
15122,West Bengal,Haldia,Industrial Area,2004.0,Spring,,21.84,52.77,124.74,
15123,West Bengal,Haldia,Industrial Area,2004.0,Summer,,23.54,48.34,101.76,
15124,West Bengal,Haldia,Industrial Area,2004.0,Winter,,28.94,101.77,210.5,
15125,West Bengal,Haldia,Industrial Area,2010.0,Autumn,14.07,51.29,66.63,165.4,
15126,West Bengal,Haldia,Industrial Area,2010.0,Spring,12.93,50.29,45.58,113.73,
15127,West Bengal,Haldia,Industrial Area,2010.0,Summer,13.64,52.05,53.96,122.3,
15128,West Bengal,Haldia,Industrial Area,2010.0,Winter,14.25,52.85,59.01,150.83,
15129,West Bengal,Haldia,Industrial Area,2011.0,Autumn,14.7,52.76,123.15,,
15130,West Bengal,Haldia,Industrial Area,2011.0,Spring,15.74,58.33,140.43,,
15131,West Bengal,Haldia,Industrial Area,2011.0,Summer,13.72,53.35,124.16,,
15132,West Bengal,Haldia,Industrial Area,2011.0,Winter,14.7,54.36,155.07,,
15133,West Bengal,Haldia,Industrial Area,2013.0,Autumn,8.0,36.0,148.0,,
15134,West Bengal,Haldia,Industrial Area,2013.0,Spring,9.25,37.25,127.88,,
15135,West Bengal,Haldia,Industrial Area,2013.0,Summer,9.75,38.5,163.5,,
15136,West Bengal,Haldia,Industrial Area,2013.0,Winter,10.91,41.55,152.45,,
15137,West Bengal,Haldia,Industrial Area,2014.0,Autumn,12.31,36.81,118.92,,
15138,West Bengal,Haldia,Industrial Area,2014.0,Spring,10.22,39.33,155.7,,
15139,West Bengal,Haldia,Industrial Area,2014.0,Summer,9.73,35.31,117.08,,
15140,West Bengal,Haldia,Industrial Area,2014.0,Winter,11.24,41.72,151.4,,
15141,West Bengal,Haldia,Industrial Area,2015.0,Autumn,3.08,16.19,85.15,,
15142,West Bengal,Haldia,Industrial Area,2015.0,Spring,2.69,17.58,83.19,,
15143,West Bengal,Haldia,Industrial Area,2015.0,Summer,2.81,17.27,81.88,,
15144,West Bengal,Haldia,Industrial Area,2015.0,Winter,3.15,16.73,97.42,,
15145,West Bengal,Haldia,Industrial Area,2005.0,Autumn,7.58,34.48,87.82,226.8,
15146,West Bengal,Haldia,Industrial Area,2005.0,Spring,7.81,37.6,61.28,188.14,
15147,West Bengal,Haldia,Industrial Area,2005.0,Summer,6.96,34.07,61.08,145.41,
15148,West Bengal,Haldia,Industrial Area,2005.0,Winter,7.52,44.33,113.42,230.37,
15149,West Bengal,Haldia,Industrial Area,2006.0,Autumn,8.79,40.6,68.8,169.8,
15150,West Bengal,Haldia,Industrial Area,2006.0,Spring,8.62,44.21,74.52,225.58,
15151,West Bengal,Haldia,Industrial Area,2006.0,Summer,8.11,39.65,53.54,135.08,
15152,West Bengal,Haldia,Industrial Area,2006.0,Winter,9.88,49.84,129.9,288.82,
15153,West Bengal,Haldia,Industrial Area,2007.0,Autumn,9.25,44.7,53.91,114.15,
15154,West Bengal,Haldia,Industrial Area,2007.0,Spring,8.91,42.4,44.24,116.43,
15155,West Bengal,Haldia,Industrial Area,2007.0,Summer,8.27,39.0,37.78,93.55,
15156,West Bengal,Haldia,Industrial Area,2007.0,Winter,9.85,45.65,108.74,190.26,
15157,West Bengal,Haldia,Industrial Area,2008.0,Autumn,9.17,48.42,63.25,126.5,
15158,West Bengal,Haldia,Industrial Area,2008.0,Spring,9.41,49.52,52.54,133.45,
15159,West Bengal,Haldia,Industrial Area,2008.0,Summer,8.3,46.8,42.63,98.56,
15160,West Bengal,Haldia,Industrial Area,2008.0,Winter,9.94,56.15,93.41,175.74,
15161,West Bengal,Haldia,Industrial Area,2009.0,Autumn,9.7,68.3,130.5,230.5,
15162,West Bengal,Haldia,Industrial Area,2009.0,Spring,10.05,69.7,166.5,293.0,
15163,West Bengal,Haldia,Industrial Area,2009.0,Summer,10.1,70.4,139.0,236.0,
15164,West Bengal,Haldia,Industrial Area,2009.0,Winter,9.38,66.02,132.92,247.25,
15296,West Bengal,Kolkata,Industrial Area,2004.0,Autumn,8.82,60.02,262.92,185.28,
15297,West Bengal,Kolkata,Industrial Area,2004.0,Spring,8.33,75.95,211.45,138.77,
15298,West Bengal,Kolkata,Industrial Area,2004.0,Summer,7.72,66.65,209.83,122.42,
15299,West Bengal,Kolkata,Industrial Area,2004.0,Winter,14.84,87.1,292.56,190.48,
15300,West Bengal,Kolkata,Industrial Area,2010.0,Autumn,8.37,66.87,100.53,225.01,
15301,West Bengal,Kolkata,Industrial Area,2010.0,Spring,8.29,63.11,77.48,180.69,
15302,West Bengal,Kolkata,Industrial Area,2010.0,Summer,7.02,57.46,60.15,142.4,
15303,West Bengal,Kolkata,Industrial Area,2010.0,Winter,11.13,92.16,162.35,338.86,
15304,West Bengal,Kolkata,Industrial Area,2011.0,Autumn,21.68,87.53,136.65,,
15305,West Bengal,Kolkata,Industrial Area,2011.0,Spring,10.88,66.06,104.71,,
15306,West Bengal,Kolkata,Industrial Area,2011.0,Summer,9.59,54.38,75.4,,
15307,West Bengal,Kolkata,Industrial Area,2011.0,Winter,12.62,86.26,198.65,,
15308,West Bengal,Kolkata,Industrial Area,2012.0,Autumn,11.94,75.99,114.43,,
15309,West Bengal,Kolkata,Industrial Area,2012.0,Spring,7.55,68.42,135.13,,
15310,West Bengal,Kolkata,Industrial Area,2012.0,Summer,6.95,56.52,74.24,,
15311,West Bengal,Kolkata,Industrial Area,2012.0,Winter,26.77,95.65,182.92,,
15312,West Bengal,Kolkata,Industrial Area,2013.0,Autumn,11.64,88.64,150.91,104.0,
15313,West Bengal,Kolkata,Industrial Area,2013.0,Spring,12.76,70.36,148.9,92.62,
15314,West Bengal,Kolkata,Industrial Area,2013.0,Summer,11.06,73.44,115.0,116.33,
15315,West Bengal,Kolkata,Industrial Area,2013.0,Winter,17.46,106.41,253.51,161.08,
15316,West Bengal,Kolkata,Industrial Area,2014.0,Autumn,10.34,88.45,151.7,,
15317,West Bengal,Kolkata,Industrial Area,2014.0,Spring,8.91,73.04,122.9,,
15318,West Bengal,Kolkata,Industrial Area,2014.0,Summer,6.57,69.35,93.76,,
15319,West Bengal,Kolkata,Industrial Area,2014.0,Winter,17.81,96.16,207.51,,
15320,West Bengal,Kolkata,Industrial Area,2015.0,Autumn,8.07,52.26,128.67,,63.5
15321,West Bengal,Kolkata,Industrial Area,2015.0,Spring,5.41,52.07,101.28,,47.79
15322,West Bengal,Kolkata,Industrial Area,2015.0,Summer,3.53,46.16,66.9,,33.04
15323,West Bengal,Kolkata,Industrial Area,2015.0,Winter,21.11,101.49,197.08,,98.88
15324,West Bengal,Kolkata,Industrial Area,2005.0,Autumn,15.42,55.52,155.74,301.09,
15325,West Bengal,Kolkata,Industrial Area,2005.0,Spring,12.17,50.74,140.43,292.07,
15326,West Bengal,Kolkata,Industrial Area,2005.0,Summer,8.62,47.08,101.18,254.73,
15327,West Bengal,Kolkata,Industrial Area,2005.0,Winter,15.55,60.71,203.57,406.9,
15328,West Bengal,Kolkata,Industrial Area,2006.0,Autumn,6.95,71.55,113.82,249.57,
15329,West Bengal,Kolkata,Industrial Area,2006.0,Spring,8.92,63.33,119.34,259.25,
15330,West Bengal,Kolkata,Industrial Area,2006.0,Summer,6.01,60.13,86.46,199.46,
15331,West Bengal,Kolkata,Industrial Area,2006.0,Winter,12.14,76.24,183.67,347.39,
15332,West Bengal,Kolkata,Industrial Area,2007.0,Autumn,10.25,66.5,107.45,219.97,
15333,West Bengal,Kolkata,Industrial Area,2007.0,Spring,7.77,60.38,86.48,210.91,
15334,West Bengal,Kolkata,Industrial Area,2007.0,Summer,6.65,55.6,73.1,178.22,
15335,West Bengal,Kolkata,Industrial Area,2007.0,Winter,9.88,83.34,170.7,342.4,
15336,West Bengal,Kolkata,Industrial Area,2008.0,Autumn,10.55,68.52,141.49,275.22,
15337,West Bengal,Kolkata,Industrial Area,2008.0,Spring,7.81,63.89,90.53,227.88,
15338,West Bengal,Kolkata,Industrial Area,2008.0,Summer,8.6,58.42,86.99,206.77,
15339,West Bengal,Kolkata,Industrial Area,2008.0,Winter,10.23,81.55,171.92,344.45,
15340,West Bengal,Kolkata,Industrial Area,2009.0,Autumn,25.71,68.8,164.52,340.9,
15341,West Bengal,Kolkata,Industrial Area,2009.0,Spring,14.51,63.0,150.76,268.67,
15342,West Bengal,Kolkata,Industrial Area,2009.0,Summer,20.5,59.72,165.54,268.96,
15343,West Bengal,Kolkata,Industrial Area,2009.0,Winter,22.34,79.84,265.45,446.8,
15344,West Bengal,Kolkata,RIRUO,2015.0,Autumn,5.48,51.72,122.19,,68.04
15345,West Bengal,Kolkata,RIRUO,2015.0,Spring,3.21,39.79,106.94,,54.23
15346,West Bengal,Kolkata,RIRUO,2015.0,Summer,2.53,30.36,64.43,,32.46
15347,West Bengal,Kolkata,RIRUO,2015.0,Winter,6.27,66.24,197.8,,96.32
15348,West Bengal,Kolkata,Residential and others,2005.0,Autumn,8.95,42.14,130.75,255.0,
15349,West Bengal,Kolkata,Residential and others,2005.0,Spring,8.91,46.09,151.01,244.31,
15350,West Bengal,Kolkata,Residential and others,2005.0,Summer,6.51,34.21,88.18,211.02,
15351,West Bengal,Kolkata,Residential and others,2005.0,Winter,12.18,46.96,164.59,313.63,
15352,West Bengal,Kolkata,Residential and others,2006.0,Autumn,5.27,54.1,92.2,172.05,
15353,West Bengal,Kolkata,Residential and others,2006.0,Spring,5.89,48.87,102.55,168.07,
15354,West Bengal,Kolkata,Residential and others,2006.0,Summer,5.36,44.38,60.77,130.84,
15355,West Bengal,Kolkata,Residential and others,2006.0,Winter,7.81,60.41,151.01,260.27,
15356,West Bengal,Kolkata,Residential and others,2007.0,Autumn,8.52,57.14,87.82,188.6,
15357,West Bengal,Kolkata,Residential and others,2007.0,Spring,5.65,47.58,76.68,164.79,
15358,West Bengal,Kolkata,Residential and others,2007.0,Summer,5.88,46.5,57.75,140.54,
15359,West Bengal,Kolkata,Residential and others,2007.0,Winter,8.01,72.03,159.15,287.7,
15360,West Bengal,Kolkata,Residential and others,2008.0,Autumn,7.78,63.9,115.0,232.41,
15361,West Bengal,Kolkata,Residential and others,2008.0,Spring,6.7,58.62,78.11,183.71,
15362,West Bengal,Kolkata,Residential and others,2008.0,Summer,7.87,53.81,67.63,160.28,
15363,West Bengal,Kolkata,Residential and others,2008.0,Winter,8.96,75.1,154.52,317.4,
15364,West Bengal,Kolkata,Residential and others,2009.0,Autumn,16.74,53.58,132.16,280.62,
15365,West Bengal,Kolkata,Residential and others,2009.0,Spring,10.28,50.45,129.3,237.41,
15366,West Bengal,Kolkata,Residential and others,2009.0,Summer,16.6,47.79,98.69,185.24,
15367,West Bengal,Kolkata,Residential and others,2009.0,Winter,15.39,66.43,229.6,392.77,
15368,West Bengal,Kolkata,"Residential, Rural and other Areas",2004.0,Autumn,9.18,56.48,220.04,147.83,
15369,West Bengal,Kolkata,"Residential, Rural and other Areas",2004.0,Spring,7.07,60.13,169.39,105.43,
15370,West Bengal,Kolkata,"Residential, Rural and other Areas",2004.0,Summer,7.84,59.18,176.0,111.12,
15371,West Bengal,Kolkata,"Residential, Rural and other Areas",2004.0,Winter,14.9,76.04,258.56,159.96,
15372,West Bengal,Kolkata,"Residential, Rural and other Areas",2010.0,Autumn,7.22,58.5,82.69,189.02,
15373,West Bengal,Kolkata,"Residential, Rural and other Areas",2010.0,Spring,7.65,58.03,62.87,152.25,
15374,West Bengal,Kolkata,"Residential, Rural and other Areas",2010.0,Summer,6.21,50.39,43.59,110.35,
15375,West Bengal,Kolkata,"Residential, Rural and other Areas",2010.0,Winter,9.87,81.69,142.73,295.61,
15376,West Bengal,Kolkata,"Residential, Rural and other Areas",2011.0,Autumn,17.61,67.0,114.59,,
15377,West Bengal,Kolkata,"Residential, Rural and other Areas",2011.0,Spring,9.16,56.99,90.66,,
15378,West Bengal,Kolkata,"Residential, Rural and other Areas",2011.0,Summer,7.99,44.61,65.88,,
15379,West Bengal,Kolkata,"Residential, Rural and other Areas",2011.0,Winter,10.42,78.05,166.33,,
15380,West Bengal,Kolkata,"Residential, Rural and other Areas",2012.0,Autumn,53.78,48.73,85.62,,
15381,West Bengal,Kolkata,"Residential, Rural and other Areas",2012.0,Spring,32.28,51.86,127.22,,
15382,West Bengal,Kolkata,"Residential, Rural and other Areas",2012.0,Summer,32.3,44.93,57.55,,
15383,West Bengal,Kolkata,"Residential, Rural and other Areas",2012.0,Winter,77.57,73.49,153.62,,
15384,West Bengal,Kolkata,"Residential, Rural and other Areas",2013.0,Autumn,9.44,71.69,120.39,,
15385,West Bengal,Kolkata,"Residential, Rural and other Areas",2013.0,Spring,8.94,49.91,124.49,,
15386,West Bengal,Kolkata,"Residential, Rural and other Areas",2013.0,Summer,7.83,50.41,83.64,,
15387,West Bengal,Kolkata,"Residential, Rural and other Areas",2013.0,Winter,11.09,78.89,229.16,,
15388,West Bengal,Kolkata,"Residential, Rural and other Areas",2014.0,Autumn,5.6,62.23,119.4,,
15389,West Bengal,Kolkata,"Residential, Rural and other Areas",2014.0,Spring,5.59,48.16,100.05,,
15390,West Bengal,Kolkata,"Residential, Rural and other Areas",2014.0,Summer,5.03,48.43,77.17,,
15391,West Bengal,Kolkata,"Residential, Rural and other Areas",2014.0,Winter,10.35,70.62,170.39,,
15392,West Bengal,Kolkata,"Residential, Rural and other Areas",2015.0,Autumn,4.91,50.39,101.6,,64.5
15393,West Bengal,Kolkata,"Residential, Rural and other Areas",2015.0,Spring,2.9,42.07,76.68,,
15394,West Bengal,Kolkata,"Residential, Rural and other Areas",2015.0,Summer,3.0,33.67,47.25,,28.51
15395,West Bengal,Kolkata,"Residential, Rural and other Areas",2015.0,Winter,9.52,74.34,164.09,,96.86
